Car 0 0 0 0 0 0 0 2.0451 5.5658 2.15 95.5328 2.4037 12.6098 -1.6037
Car 0 0 0 0 0 0 0 1.5013 3.6334 1.8451 3.4992 2.3879 -26.0508 0.0001
Truck 0 0 0 0 0 0 0 3.8274 8.468 2.8911 -35.1995 2.407 13.7662 -1.5599
Car 0 0 0 0 0 0 0 1.3853 4.1812 1.9941 6.9979 2.4133 -47.8726 -0.0002
Car 0 0 0 0 0 0 0 1.4903 4.8924 1.8367 3.4979 2.402 -34.7791 0.0004
Car 0 0 0 0 0 0 0 1.6507 5.0268 2.1515 -0.0009 2.419 -27.4241 0.0013
Truck 0 0 0 0 0 0 0 3.8274 8.468 2.8911 3.499 2.406 -8.4077 0.0001
Truck 0 0 0 0 0 0 0 2.4674 5.2038 2.627 -18.7442 2.4034 10.0947 -1.5603
Car 0 0 0 0 0 0 0 2.0451 5.5658 2.15 30.9694 2.4017 9.579 -1.5605
Truck 0 0 0 0 0 0 0 3.4619 7.9357 2.8911 -58.0387 2.4058 -69.3481 -3.1389
Car 0 0 0 0 0 0 0 1.376 2.2073 1.4809 90.2787 2.4099 16.0832 -1.5786
Car 0 0 0 0 0 0 0 1.4107 5.3575 2.0332 11.6638 2.4129 -9.2411 -5.8917
Truck 0 0 0 0 0 0 0 2.5607 5.9152 1.9884 3.4973 2.4173 -53.6869 -0.0005
Pedestrian 0 0 0 0 0 0 0 1.86 0.3754 0.3754 -78.8555 2.2279 7.0124 -3.1379
Pedestrian 0 0 0 0 0 0 0 1.86 0.3754 0.3754 9.4252 2.2279 5.2037 -3.1379
Pedestrian 0 0 0 0 0 0 0 1.1 0.5 0.5 24.3028 2.2279 6.1526 -3.1379
Pedestrian 0 0 0 0 0 0 0 1.86 0.3754 0.3754 52.1515 2.2279 -17.0735 -3.1379
Pedestrian 0 0 0 0 0 0 0 1.1 0.5 0.5 11.4442 2.2279 5.5768 -3.1379
Pedestrian 0 0 0 0 0 0 0 1.1 0.5 0.5 -38.8807 2.2279 -12.0804 -3.1379
Pedestrian 0 0 0 0 0 0 0 1.86 0.3754 0.3754 22.6058 2.2279 6.5443 -3.1379
Pedestrian 0 0 0 0 0 0 0 1.86 0.3754 0.3754 -73.0701 2.2279 -68.2101 -3.1379
Pedestrian 0 0 0 0 0 0 0 1.86 0.3754 0.3754 -73.0424 2.2279 -10.977 -3.1379
Pedestrian 0 0 0 0 0 0 0 1.86 0.3754 0.3754 -78.126 2.2279 5.7623 -3.1379
Pedestrian 0 0 0 0 0 0 0 1.86 0.3754 0.3754 -72.7954 2.2279 -62.4212 -3.1379
Rider 0 0 0 0 0 0 0 1.7758 1.8434 0.659 29.553 2.4081 16.5943 -1.5604
Rider 0 0 0 0 0 0 0 1.7758 1.8434 0.659 -0.003 2.4081 -77.7464 0.0002
Rider 0 0 0 0 0 0 0 1.7758 1.8434 0.659 50.0543 2.4081 1.3802 -4.7018