012830
012833
012836
012839
012842
012845
012848
012851
012854
012857
012860
012863
012866
012869
012872
012875
012878
012881
012884
012887
012890
012893
012896
012899
012902
012905
012908
012911
012914
012917
012920
012923
012926
012929
012932
012935
012938
012941
012944
012947
012950
012953
012956
012959
012962
012968
012971
012974
012977
012980
012983
012986
012989
013013
013016
013019
013022
013025
013028
013031
013034
013037
013040
013043
013046
013049
013052
013058
013061
013064
013067
013070
013073
013076
013079
013082
013085
013088
013091
013094
013097
013100
013106
013109
013112
013115
013118
013121
013124
013127
013130
013133
013136
013139
013142
013145
013148
013151
013154
013157
013160
013163
013166
013169
013172
013175
013178
013190
013193
013196
013199
013202
013205
013208
013211
013214
013217
013220
013223
013226
013229
013232
013235
013238
013241
013244
013247
013250
013256
013259
013262
013265
013268
013271
013274
013277
013280
013283
013286
013289
013292
013295
013298
013301
013304
013307
013310
013313
013316
013319
013322
013325
013328
013331
013334
013337
013340
013343
013346
013349
013352
013355
013358
013361
013364
013367
013370
013376
013379
013382
013385
013388
013391
013394
013397
013400
013403
013406
013412
013415
013418
013424
013439
013445
013448
013451
013454
013457
013460
013466
013469
013472
013475
013478
013481
013484
013487
013490
013493
013496
013499
013502
013508
013511
013514
013517
013523
013526
013529
013550
013598
013601
013604
013607
013610
013613
013616
013622
013634
013637
013640
013643
013646
013661
013664
013667
013670
013676
013679
013682
013685
013688
013691
013694
013697
013700
013715
013718
013739
013751
013754
013760
013763
013766
013775
013778
013781
013784
013787
013790
013793
013805
013823
013826
013835
013838
013841
013844
013847
013850
013856
013859
013862
013865
013868
013871
013874
013883
013886
013889
013892
013895
013898
013901
013904
013907
013910
013913
013916
013919
013922
013925
013928
013931
013934
013937
013940
013946
013949
013952
013955
013958
013961
013964
013967
013970
013973
013976
013979
013982
013985
013988
013991
013994
013997
014000
014003
014006
014009
014012
014015
014018
014021
014024
014030
014039
014045
014048
014054
014060
014072
014075
014078
014084
014087
014096
014099
014102
014105
014108
014114
014117
014120
014123
014129
014132
014135
014138
014141
014144
014147
014150
014153
014156
014159
014168
014174
014180
014183
014186
014189
014192
014195
014198
014204
014207
014210
014213
014216
014219
014222
014225
014228
014231
014234
014237
014240
014243
014246
014249
014252
014255
014258
014261
014264
014267
014270
014273
014276
014279
014282
014285
014288
014291
014294
014297
014300
014303
014306
014309
014312
014315
014318
014321
014324
014327
014330
014333
014336
014339
014342
014345
014348
014351
014354
014357
014360
014363
014366
014369
014372
014375
014378
014384
014390
014393
014396
014399
014402
014405
014408
014411
014414
014417
014420
014423
014426
014429
014432
014435
014438
014441
014444
014447
014450
014453
014456
014459
014462
014465
014468
014471
014477
014483
014486
014489
014492
014495
014498
014501
014504
014507
014510
014513
014516
014519
014522
014525
014528
014531
014534
014537
014540
014543
014546
014549
014552
014555
014558
014561
014564
014567
014570
014576
014579
014582
014585
014588
014591
014594
014597
014600
014603
014606
014612
014615
014618
014621
014624
014627
014630
014633
014636
014639
014642
014645
014648
014651
014654
014657
014660
014666
014669
014672
014675
014678
014681
014684
014687
014690
014693
014696
014699
014702
014705
014708
014711
014714
014717
014720
014723
014726
014732
014735
014738
014741
014744
014747
014750
014753
014756
014759
014765
014768
014771
014774
014777
014780
014783
014786
014789
014792
014795
014798
014801
014804
014807
014810
014813
014816
014819
014822
014825
014828
014834
014846
014858
014864
014867
014876
014879
014882
014885
014888
014891
014894
014897
014900
014903
014906
014909
014912
014915
014918
014921
014924
014927
014930
014933
014936
014939
014942
014945
014948
014954
014957
014963
014966
014975
014978
014981
014984
014987
014990
014993
014996
014999
015002
015005
015008
015011
015014
015017
015020
015023
015026
015029
015032
015035
015038
015041
015047
015050
015053
015056
015059
015062
015065
015068
015071
015074
015077
015080
015083
015086
015089
015092
015095
015098
015101
015104
015107
015110
015113
015116
015119
015122
015125
015128
015131
015134
015137
015140
015143
015149
015152
015155
015221
015224
015227
015230
015236
015242
015245
015248
015251
015254
015257
015260
015263
015266
015269
015272
015275
015278
015281
015284
015293
015299
015302
015305
015308
015311
015314
015317
015320
015323
015326
015329
015332
015335
015338
015341
015344
015347
015350
015353
015356
015359
015362
015365
015368
015371
015374
015377
015380
015383
015386
015389
015392
015395
015398
015401
015404
015407
015410
015413
015416
015419
015422
015425
015428
015431
015434
015437
015440
015443
015446
015449
015452
015455
015458
015461
015464
015467
015470
015473
015476
015479
015482
015485
015488
015491
015494
015497
015500
015503
015506
015509
015512
015515
015518
015521
015524
015527
015530
015533
015542
015548
015551
015554
015557
015560
015563
015566
120593
120596
120599
120602
120605
120608
120611
120614
120617
120620
120623
120626
120632
120635
120638
120641
120644
120650
120653
120656
120659
120662
120665
120668
120671
120674
120677
120680
120683
120689
120692
120695
120698
120701
120704
120707
120713
120716
120719
120722
120725
120731
120734
120737
120740
120743
120746
120749
120752
120755
120758
120761
120764
120767
120770
120776
120779
120782
120785
120788
120791
120794
120797
120800
120803
120806
120809
120812
120815
120818
120821
120824
120827
120830
120833
120836
120839
120842
120845
120848
120851
120854
120857
120860
120863
120866
120869
120872
120875
120878
120881
120884
120887
120890
120893
120896
120899
120905
120908
120911
120917
120920
120923
120926
120929
120932
120935
120938
120941
120944
120947
120950
120953
120956
120959
120962
120965
120968
120971
120974
120977
120980
120983
120986
120989
120992
120995
120998
121001
121004
121007
121010
121013
121016
121019
121022
121025
121028
121031
121034
121037
121040
121043
121046
121049
121052
121055
121058
121061
121064
121067
121070
121073
121076
121079
121082
121085
121088
121091
121094
121097
121100
121103
121106
121109
121112
121115
121118
121121
121124
121127
121130
121133
121136
121139
121142
121145
121148
121151
121154
121157
121160
121163
121166
121169
121172
121175
121178
121181
121184
121187
121190
121193
121196
121199
121202
121205
121211
121214
121223
121226
121229
121232
121235
121238
121241
121244
121247
121250
121271
121274
121277
121280
121283
121286
121289
121292
121304
121307
121310
121313
121316
121319
121322
121331
121334
121337
121340
121343
121346
121349
121352
121355
121358
121370
121376
121379
121382
121385
121388
121391
121394
121397
121400
121403
121406
121409
121412
121415
121418
121421
121424
121427
121430
121433
121436
121439
121442
121445
121448
121454
121457
121460
121463
121466
121469
121472
121475
121478
121481
121484
121487
121490
121493
121496
121499
121502
121505
121508
121511
121514
121523
121526
121529
121532
121535
121538
121541
121544
121547
121553
121562
121565
121568
121571
121574
121577
121580
121583
121586
121589
121592
121595
121598
121601
121604
121607
121610
121613
121616
121619
121622
121625
121628
121631
121634
121637
121640
121643
121646
121649
121652
121655
121658
121661
121664
121667
121670
121673
121676
121679
121682
121685
121688
121691
121694
121697
121700
121703
121706
121709
121718
121721
121724
121727
121730
121733
121736
121739
121742
121745
121748
121751
121754
121757
121760
121763
121766
121769
121772
121775
121778
121781
121784
121787
121790
121793
121796
121799
121802
121805
121808
121811
121814
121817
121820
121823
121826
121829
121832
121835
121838
121841
121844
121847
121850
121853
121856
121859
121862
121865
121868
121871
121874
121877
121880
121883
121886
121889
121892
121895
121898
121901
121904
121907
121910
121913
121916
121919
121922
121925
121928
121931
121934
121937
121940
121946
121949
121952
121955
121958
121961
121964
121967
121970
121973
121976
121985
121988
121991
121997
122147
122150
122153
122156
122159
122162
122165
122168
122171
122174
122177
122180
122183
122186
122189
122192
122195
122198
122201
122204
122207
122210
122213
122216
122219
122222
122225
122228
122231
122234
122237
122240
122243
122246
122249
122252
122255
122258
122261
122264
122267
122270
122273
122276
122279
122282
122285
122288
122291
122294
122297
122300
122303
122306
122309
122312
122315
122318
122321
122324
122327
122330
122333
122336
122342
122348
122351
122354
122363
122366
122369
122372
122375
122378
122381
122384
122387
122390
122393
122396
122399
122402
122405
122408
122411
122414
122417
122420
122423
122426
122429
122432
122435
122438
122441
122444
122447
122450
122453
122456
122459
122462
122465
122468
122471
122474
122477
122480
122483
122486
122489
122492
122495
122498
122501
122504
122513
122516
122519
122522
122525
122528
122531
122534
122537
122540
122543
122549
122555
122558
122561
122564
122567
122570
122576
122582
122585
122588
122591
122630
122633
122636
122639
122642
122645
122648
122654
122657
122660
122663
122666
122669
122672
122678
122681
122684
122687
122690
122699
122702
122705
122708
122711
122714
122717
122720
122723
122726
122729
122732
122735
122738
122744
122747
122750
122753
122756
122759
122762
122765
122771
122774
122777
122780
122783
122786
122789
122792
122795
122798
122801
122804
122807
122810
122813
122816
122819
122822
122825
122828
122831
122834
122837
122840
122843
122846
122849
122852
122855
122858
122861
122864
122867
122870
122873
122876
122879
122882
122885
122888
122891
122894
122897
122900
122903
122906
122909
122912
122915
122918
122921
122924
122927
122930
122933
122936
122939
122942
122945
122948
122951
122954
122957
122960
122963
122966
122969
122972
122975
122978
122981
122984
122987
122990
122993
122996
122999
123002
123005
123008
123011
123014
123017
123020
123023
123026
123029
123032
123035
123038
123041
123044
123047
123050
123053
123056
123059
123062
123065
123068
123071
123074
123077
123080
123083
123086
123089
123092
123095
123098
123101
123104
123107
123110
123113
123116
123119
123122
123125
123128
123131
123134
123137
123146
123149
123152
123155
123194
123197
123200
123203
123206
123215
123218
123221
123224
123227
123230
123233
123236
123239
123242
123245
123248
123254
123257
123260
123263
123266
123269
123272
123275
123278
123281
123284
123287
123290
123293
123296
123299
123302
123308
123311
123314
123317
123320
227552
227555
227564
227567
227570
227573
227576
227579
227582
227585
227588
227591
227594
227597
227600
227603
227621
227624
227627
227630
227633
227636
227639
227645
227648
227651
227654
227660
227663
227666
227669
227675
227678
227681
227684
227687
227696
227699
227702
227705
227708
227711
227714
227717
227720
227723
227726
227729
227735
227738
227741
227744
227747
227750
227753
227756
227759
227762
227765
227768
227771
227774
227780
227783
227786
227789
227795
227798
227801
227804
227807
227810
227813
227816
227819
227825
227828
227831
227837
227840
227843
227846
227849
227852
227855
227858
227861
227864
227867
227870
227873
227876
227879
227882
227885
227888
227891
227894
227897
227900
227903
227906
227909
227912
227915
227918
227921
227924
227927
227930
227933
227939
227942
227945
227948
227951
227954
227957
227960
227963
227966
227969
227972
227975
227978
227981
227984
227987
227990
227993
227996
227999
228002
228005
228008
228011
228014
228017
228020
228023
228026
228029
228032
228038
228041
228044
228047
228050
228053
228056
228059
228062
228065
228068
228071
228074
228077
228080
228083
228086
228089
228092
228095
228098
228101
228104
228107
228110
228113
228116
228119
228122
228125
228128
228131
228134
228137
228140
228143
228146
228149
228152
228155
228158
228161
228164
228167
228170
228173
228176
228179
228182
228185
228188
228191
228194
228197
228200
228203
228206
228209
228212
228215
228218
228221
228224
228227
228230
228233
228236
228239
228242
228245
228248
228251
228254
228257
228260
228263
228266
228269
228272
228275
228278
228281
228284
228287
228290
228293
228296
228299
228302
228305
228308
228311
228314
228317
228320
228323
228326
228329
228332
228335
228338
228341
228344
228347
228350
228353
228356
228359
228362
228365
228368
228371
228374
228377
228380
228383
228386
228389
228392
228395
228398
228401
228404
228407
228410
228413
228416
228419
228422
228425
228428
228431
228434
228437
228440
228446
228449
228452
228455
228458
228467
228470
228473
228476
228479
228482
228485
228488
228491
228494
228500
228503
228506
228509
228512
228515
228518
228524
228536
228539
228542
228545
228548
228551
228560
228563
228566
228569
228572
228575
228578
228581
228584
228587
228590
228593
228596
228599
228602
228605
228608
228611
228614
228617
228620
228623
228626
228629
228635
228638
228641
228644
228647
228650
228659
228662
228665
228668
228671
228674
228677
228680
228683
228686
228692
228695
228698
228701
228704
228707
228710
228713
228716
228719
228722
228725
228728
228731
228734
228743
228746
228749
228752
228755
228758
228761
228764
228767
228770
228776
228779
228782
228791
228794
228800
228803
228806
228809
228812
228815
228818
228821
228824
228827
228830
228833
228836
228839
228842
228845
228848
228851
228854
228857
228860
228863
228866
228869
228872
228875
228878
228881
228884
228887
228890
228893
228896
228899
228902
228905
228908
228911
228914
228917
228920
228923
228926
228929
228932
228935
228938
228941
228944
228947
228950
228953
228956
228959
228962
228965
228968
228971
228974
228977
228980
228983
228986
228989
228992
228995
228998
229001
229004
229007
229010
229013
229016
229019
229022
229025
229028
229031
229034
229037
229040
229043
229046
229049
229052
229055
229061
229064
229067
229070
229073
229076
229079
229082
229085
229088
229091
229094
229097
229100
229103
229109
229112
229115
229118
229121
229127
229130
229133
229136
229139
229142
229145
229148
229151
229154
229157
229160
229163
229166
229169
229172
229175
229178
229184
229187
229190
229193
229196
229199
229202
229205
229208
229211
229214
229217
229220
229223
229226
229229
229232
229235
229238
229241
229244
229247
229250
229253
229256
229262
229268
229271
229274
229277
229280
229283
229286
229289
229292
229295
229298
229301
229304
229307
229310
229313
229322
229325
229328
229331
229334
229337
229340
229343
229346
229349
229352
229355
229358
229361
229364
229367
229370
229373
229376
229379
229382
229385
229388
229391
229394
229397
229400
229403
229406
229409
229412
229415
229418
229421
229424
229427
229430
229433
229436
229439
229442
229445
229448
229451
229454
229457
229460
229463
229466
229469
229472
229475
229478
229481
229484
229487
229490
229493
229496
229499
229502
229505
229508
229511
229514
229517
229520
229523
229526
229529
229532
229535
229538
229541
229544
229547
229550
229553
229556
229559
229562
229565
229568
229571
229574
229577
229580
229583
229586
229589
229592
229595
229598
229601
229604
229607
229610
229613
229616
229619
229622
229625
229628
229631
229634
229637
229640
229643
229646
229649
229652
229655
229658
229661
229664
229667
229670
229673
229676
229679
229682
229685
229688
229691
229694
229697
229700
229703
229709
229724
229727
229730
229733
229736
229739
229742
229745
229748
229751
229754
229757
229760
229763
229766
229769
229772
229775
229778
229781
229784
229787
229790
229793
229796
229799
229802
229805
229808
229811
229814
229817
229820
229823
229826
229829
229832
229835
229838
229841
229844
229847
229850
229853
229856
229859
229862
229865
229868
229871
229877
229883
229886
229889
229892
229895
229898
229901
229904
229907
229910
229913
229916
229919
229922
229925
229928
229931
229934
229937
229940
229943
229946
229949
229952
229955
229958
229961
229964
229967
229970
229973
229976
229979
229982
229985
229991
229994
229997
230003
230006
230009
230012
230015
230018
230021
230027
230030
230033
230036
230039
230042
230045
230054
230057
230060
230063
230066
230069
230072
230075
230078
230081
230084
230087
230090
230093
230096
230099
230102
230105
230108
230111
230114
230117
230123
230126
230129
230132
230135
230138
230141
230144
230147
230150
230153
230156
230159
230162
230165
230168
230171
230174
230177
230180
230183
230186
230189
230192
230195
230198
230201
230204
230207
230210
230213
230216
230219
230222
230231
230234
230237
230240
230243
230246
230249
230252
230255
230258
230264
230267
230270
230273
230276
230279
230282
230285
230288
335257
335260
335263
335266
335269
335272
335275
335278
335281
335284
335287
335290
335293
335296
335299
335302
335305
335308
335311
335314
335317
335320
335323
335326
335329
335332
335335
335338
335341
335344
335350
335353
335356
335359
335362
335365
335371
335374
335377
335386
335389
335392
335395
335398
335401
335404
335410
335416
335419
335425
335428
335431
335434
335437
335443
335446
335449
335452
335455
335458
335461
335464
335467
335470
335473
335476
335479
335482
335485
335488
335491
335497
335500
335503
335506
335509
335512
335515
335518
335521
335524
335527
335530
335533
335536
335539
335542
335545
335548
335551
335554
335557
335560
335563
335566
335569
335572
335578
335581
335587
335593
335596
335599
335602
335605
335608
335611
335614
335617
335620
335623
335626
335629
335632
335635
335641
335644
335647
335650
335653
335656
335659
335662
335665
335668
335671
335674
335677
335680
335683
335686
335689
335692
335695
335698
335701
335704
335707
335710
335713
335716
335719
335722
335728
335731
335734
335737
335740
335743
335746
335749
335752
335755
335758
335761
335764
335767
335770
335773
335776
335779
335782
335785
335788
335791
335797
335803
335806
335815
335818
335821
335824
335827
335830
335833
335836
335839
335842
335845
335848
335851
335854
335857
335860
335863
335866
335869
335872
335878
335881
335884
335887
335890
335893
335896
335899
335902
335905
335908
335911
335914
335920
335923
335926
335929
335932
335938
335941
335944
335947
335950
335953
335956
335959
335962
335965
335968
335971
335974
335977
335980
335983
335986
335989
335992
335998
336001
336004
336007
336010
336013
336016
336019
336022
336025
336028
336031
336034
336037
336040
336043
336046
336049
336052
336055
336058
336061
336064
336067
336070
336073
336076
336079
336082
336085
336088
336091
336094
336097
336100
336103
336106
336109
336112
336115
336118
336121
336124
336127
336130
336133
336136
336139
336142
336145
336148
336151
336154
336157
336160
336163
336166
336169
336172
336175
336178
336181
336184
336187
336190
336193
336196
336202
336205
336211
336214
336217
336220
336223
336226
336229
336238
336241
336244
336247
336250
336253
336256
336259
336262
336265
336268
336271
336274
336277
336280
336283
336289
336292
336295
336298
336301
336304
336307
336310
336313
336319
336328
336331
336334
336343
336346
336349
336352
336355
336358
336361
336364
336367
336370
336373
336376
336379
336382
336385
336388
336394
336397
336400
336403
336406
336409
336412
336418
336421
336427
336430
336433
336436
336439
336442
336445
336448
336451
336454
336457
336460
336463
336466
336469
336472
336475
336478
336481
336484
336487
336496
336502
336505
336508
336511
336514
336517
336520
336523
336526
336529
336532
336535
336538
336544
336565
336568
336571
336574
336580
336583
336586
336589
336592
336595
336598
336601
336604
336607
336610
336613
336616
336619
336622
336628
336631
336634
336637
336640
336643
336646
336649
336652
336655
336658
336661
336664
336667
336670
336673
336676
336679
336682
336685
336688
336694
336697
336700
336703
336706
336715
336718
336721
336724
336727
336730
336733
336736
336739
336742
336745
336748
336751
336754
336757
336760
336763
336766
336769
336772
336775
336778
336781
336784
336787
336790
336793
336796
336799
336802
336805
336808
336811
336814
336817
336820
336823
336826
336829
336832
336835
336838
336841
336844
336847
336850
336853
336856
336859
336862
336865
336868
336871
336874
336877
336880
336883
336886
336889
336892
336895
336898
336901
336904
336907
336910
336913
336916
336919
336922
336925
336928
336931
336934
336937
336940
336943
336946
336961
336964
336967
336970
336976
336979
336982
336985
336988
336991
336994
336997
337000
337003
337006
337009
337012
337018
337021
337024
337030
337033
337036
337039
337042
337045
337258
337261
337264
337267
337270
337273
337276
337279
337282
337285
337288
337291
337294
337297
337300
337303
337306
337309
337312
337315
337318
337321
337324
337327
337330
337333
337336
337339
337342
337345
337348
337351
337354
337357
337360
337363
337366
337369
337372
337375
337378
337381
337384
337387
337390
337393
337396
337399
337402
337405
337408
337420
337423
337426
337438
337441
337444
337447
337450
337453
337456
337459
337462
337465
337468
337471
337474
337477
337480
337483
337486
337489
337492
337495
337498
337501
337504
337507
337510
337513
337516
337519
337522
337525
337528
337531
337534
337537
337540
337543
337546
337549
337552
337555
337558
337561
337564
337567
337570
337573
337576
337579
337591
337594
337597
337600
337603
337606
337609
337612
337615
337618
337621
337624
337627
337630
337633
337639
337642
337645
337648
337651
337654
337657
337660
337663
337666
337669
337672
337675
337678
337681
337690
337693
337696
337699
337702
337705
337708
337711
337714
337717
337720
337723
337726
337729
337774
337777
337780
337783
337786
337792
337795
337798
337801
337804
337807
337810
337813
337816
337819
337822
337828
337831
337834
337837
337840
337843
337846
337849
337852
337855
337858
337861
337864
337867
337870
337873
337876
337879
337882
337885
337888
337891
337894
337897
337900
337903
337906
337909
337912
337915
337918
337921
337924
337927
337930
337933
337936
337939
337942
337945
337948
337951
337954
337960
337963
337966
337969
337972
337975
337978
403513
403516
403519
403522
403525
403528
403531
403534
403537
403540
403543
403546
403549
403552
403555
403558
403561
403564
403567
403570
403573
403576
403579
403582
403585
403588
403591
403594
403597
403600
403603
403606
403609
403612
403615
403618
403621
403624
403627
403630
403633
403636
403639
403642
403645
403648
403651
403654
403657
403660
403663
403666
403669
403672
403675
403678
403681
403684
403687
403690
403693
403696
403699
403702
403705
403708
403711
403714
403720
403723
403726
403729
403732
403735
403738
403741
403744
403747
403750
403753
403759
403762
403765
403768
403771
403774
403777
403780
403783
403786
403789
403792
403795
403798
403801
403804
403807
403816
403819
403822
403825
403828
403831
403834
403837
403840
403843
403846
403849
403852
403855
403858
403861
403864
403867
403870
403873
403876
403879
403882
403888
403891
403894
403897
403900
403903
403906
403909
403912
403915
403918
403921
403924
403927
403930
403933
403936
403939
403942
403945
403948
403951
403954
403957
403960
403963
403966
403969
403972
403975
403978
403981
403984
403987
403990
403993
403996
403999
404002
404005
404008
404011
404014
404017
404020
404023
404029
404032
404035
404038
404041
404044
404050
404053
404056
404059
404062
404065
404068
404071
404074
404077
404080
404083
404086
404089
404092
404095
404098
404101
404107
404110
404113
404116
404119
404122
404125
404128
404131
404134
404137
404143
404146
404149
404155
404158
404161
404164
404167
404170
404173
404176
404179
404182
404185
404188
404191
404194
404197
404200
404203
404206
404209
404212
404215
404218
404221
404224
404227
404230
404233
404239
404242
404245
404248
404251
404254
404257
404260
404263
404266
404269
404272
404275
404278
404281
404284
404287
404290
404293
404296
404299
404302
404305
404308
404311
404314
404317
404320
404323
404326
404329
404332
404335
404338
404341
404344
404347
404350
404353
404356
404359
404362
404365
404368
404371
404374
404377
404380
404383
404386
404389
404392
404395
404398
404401
404404
404407
404410
404413
404416
404419
404422
404425
404428
404431
404434
404437
404440
404443
404446
404452
404455
404458
404461
404464
404467
404470
404476
404479
404482
404485
404488
404491
404497
404500
404506
404512
404515
404518
404524
404530
404533
404536
404548
404551
404554
404557
404560
404563
404566
404569
404572
404575
404578
404581
404584
404590
404593
404596
404599
404602
404605
404608
404611
404614
404620
404623
404626
404629
404632
404638
404641
404644
404647
404650
404653
404656
404659
404662
404668
404671
404674
404677
404680
404683
404689
404695
404698
404701
404704
404710
404713
404716
404719
404722
404725
404728
404731
404734
404737
404743
404746
404749
404752
404755
404761
404764
404767
404770
404773
404776
404779
404782
404788
404791
404794
404797
404800
404806
404812
404815
404818
404821
404824
404827
404830
404833
404836
404839
404842
404845
404848
404851
404854
404857
404860
404863
404866
404869
404872
404875
404878
404881
404884
404887
404890
404893
404896
404899
404902
404905
404914
404917
404920
404923
404926
404929
404932
404935
404938
404941
404944
404959
404980
404989
405001
405004
405007
405010
405013
405022
405025
405028
405034
405037
405040
405043
405046
405049
405052
405055
405058
405061
405064
405067
405070
405073
405076
405079
405082
405085
405088
405091
405094
405097
405100
405103
405106
405109
405112
405115
405118
405121
405124
405130
405133
405136
405139
405142
405145
405148
405151
405154
405157
405160
405163
405166
405169
405172
405175
405178
405181
405184
405187
405190
405193
405196
405199
405202
405205
405208
405211
405214
405217
405220
405223
405226
405229
405232
405235
405238
405241
405244
405247
405250
405253
405256
405259
405265
405268
405271
405274
405277
405280
405283
405286
405289
405292
405295
405298
405301
405304
405307
405310
405313
405316
405319
405322
405325
405328
405331
405334
405337
405340
405343
405346
405349
405352
405355
405358
405361
405364
405367
405370
405373
405376
405379
405382
405385
405388
405391
405394
405397
405400
405403
405406
405409
405412
405415
405418
405421
405424
405427
405430
405433
405436
405439
405442
405445
405448
405451
405454
405457
405460
405463
405466
405469
405472
405475
405478
405481
405484
405487
405490
405493
405496
405499
405502
405505
405508
405511
405514
405517
405520
405523
405526
405529
405532
405535
405538
405541
405544
405547
405550
405553
405556
405559
405562
405565
405568
405571
405574
405577
405580
405583
405586
405589
405592
405595
405598
405601
405604
405607
405610
405613
405616
405619
405622
405625
405628
405631
405634
405637
405640
405646
405649
405652
405655
405658
405664
405667
405670
405673
405676
405679
405682
405685
405688
405691
405694
405697
405700
405703
405706
405709
405712
405715
405718
405721
405724
405727
405730
405733
405736
405739
405748
405751
405754
405757
405760
405763
405766
405772
405775
405778
405781
405784
405787
405790
405793
405796
405799
405802
405805
405808
405811
405814
405817
405820
405823
405826
405829
405832
405835
405838
405841
405844
405847
405850
405853
405856
405859
405862
405865
405868
405871
405874
405877
405880
405883
405886
405889
405895
405898
405901
405904
405907
405910
405913
405916
405919
405922
405925
405928
405931
405934
405937
405940
405943
405946
405949
405952
405955
405958
405961
405964
405967
405970
405973
405976
405979
405982
405985
405988
405991
405994
405997
406000
406003
406006
406009
406012
406015
406018
406021
406024
