019889
019892
019904
019913
019916
019919
019922
019925
019928
019931
019934
019940
019943
019949
019952
019955
019958
019961
019964
019967
019970
019976
019979
019982
019985
019988
019994
019997
020000
020003
020006
020012
020015
020021
020024
020027
020039
020042
020045
020051
020054
020060
020063
020069
020072
020075
020078
020081
020084
020087
020090
020093
020099
020102
020105
020108
020111
020114
020117
020120
020123
020126
020129
020135
020138
020144
020147
020150
020153
020156
020159
020162
020165
020171
020174
020177
020180
020186
020192
020195
020198
020201
020204
020210
020213
020216
020219
020222
020225
020228
020231
020237
020240
020246
020249
020252
020255
020258
020261
020264
020267
020270
020273
020276
020282
020285
020288
020291
020294
020297
020300
020303
020306
020309
020312
020318
020321
020327
020330
020333
020336
020339
020342
020345
020348
020354
020357
020360
020363
020366
020372
020375
020378
020381
020384
020390
020393
020396
020399
020402
020405
020408
020411
020417
020420
020426
020429
020432
020435
020438
020444
020447
020450
020453
020456
020459
020465
020468
020471
020474
020477
020480
020483
020486
020489
020492
020495
020501
020504
020510
020513
020516
020519
020522
020525
020528
020531
020537
020540
020543
020552
020555
020561
020564
020567
020570
020573
020579
020582
020585
020588
020591
020594
020597
020600
020606
020609
020615
020618
020621
020624
020627
020630
020633
020636
020639
020642
020645
020651
020654
020657
020660
020663
020666
020669
020672
020675
020678
020681
020687
020690
020696
020699
020702
020705
020708
020711
020714
020717
020726
020729
020732
020735
020738
020744
020747
020750
020753
020756
020762
020765
020768
020771
020774
020777
020780
020783
020789
020792
020798
020801
020804
020807
020810
020813
020816
020819
020822
020825
020828
020834
020837
020840
020843
020846
020849
020852
020855
020858
020861
020864
020870
020873
020879
020882
020885
020888
020891
020894
020897
020900
020906
020909
020912
020915
020918
020924
020927
020930
020933
020936
020942
020945
020948
020951
020954
020957
020960
020963
020969
020972
020978
020981
020984
020987
020990
020993
020996
020999
021002
021005
021008
021014
021017
021020
021023
021026
021029
021032
021035
021038
021041
021044
021050
021053
021059
021062
021065
021068
021071
021074
021077
021080
021086
021089
021092
021095
021098
021104
021107
021110
021113
021134
021200
021206
021209
021212
021215
021218
021221
021224
021230
021233
021239
021242
021245
021248
021251
021254
021257
021260
021263
021266
021269
021275
021278
021284
021287
021290
021296
021299
021302
021305
021308
021311
021317
021320
021326
021329
021332
021335
021338
021341
021344
021347
021353
021356
021359
021362
021365
021371
021374
021377
021380
021383
021395
021398
021401
021404
021407
021410
021413
021416
021422
021425
021431
021434
021437
021440
021443
021446
021449
021452
021455
021458
021461
021467
021470
021473
021476
021479
021482
021485
021488
021491
021494
021497
021503
021506
021512
021515
021518
021521
021524
021527
021530
021533
021539
021542
021545
021548
021551
021557
021560
021563
021566
021569
021575
021578
021581
021584
021587
021590
021593
021596
021602
021605
021611
021614
021617
021620
021623
021626
021629
021632
021635
021638
021641
021647
021650
021653
021656
021659
021662
021665
021668
021671
021674
021677
021683
021686
021704
021707
021710
021713
021716
021719
021722
021725
021737
021743
021767
021785
021788
021806
021809
021812
021815
021818
021824
021827
021830
021833
021836
021839
021842
021845
021851
021854
021863
021866
021869
021872
021875
021878
021881
021884
021887
021890
021893
021899
021902
021905
021908
021911
021914
021917
021920
021923
021926
021929
021941
021944
021950
021953
021956
021959
021962
021965
021968
021971
021977
021980
021983
021986
021989
021995
021998
022001
022004
022007
022013
022016
022019
022022
022028
022031
022034
022037
022043
022046
022052
022055
022058
022061
022067
022070
022073
022076
022079
022082
022085
022091
022094
022097
022100
022103
022106
022109
022112
022115
022118
022121
022127
022130
022139
022142
022145
022148
022151
022154
022157
022160
022166
022169
022172
022175
022178
022184
022187
022190
022193
022196
022202
022205
022208
022211
022214
022217
022220
022223
022229
022232
022244
022247
022262
022286
022289
022292
022295
022298
022310
022313
022316
022322
022325
022328
022331
022334
022337
022340
022343
022346
022349
022355
022391
022394
022403
022406
022409
022412
022415
022418
022427
022442
022547
022553
022556
022574
022583
022607
022610
022613
022622
022628
022634
022637
022640
022643
022676
022679
022691
022697
022751
022766
022793
022796
022799
022802
022805
022808
022811
022814
022817
022820
022823
022829
022832
022835
022838
022841
112395
112398
112404
112413
112443
112446
112452
112455
112461
112464
112467
112470
112473
112476
112482
112485
112491
112494
112497
112500
112503
112509
112512
112515
112518
112521
112527
112530
112533
112536
112539
112542
112545
112551
112557
112560
112566
112569
112572
112575
112578
112581
112584
112587
112590
112593
112596
112602
112605
112608
112611
112614
112617
112620
112623
112626
112629
112632
112638
112641
112647
112650
112653
112656
112659
112662
112665
112668
112674
112677
112680
112683
112686
112695
112698
112701
112704
112710
112725
112731
112734
112740
112743
112749
112752
112779
112788
112791
112797
112803
112806
112809
112863
112866
112869
112872
112875
112890
112893
112899
112902
112905
112908
112911
112914
112917
112920
112923
112926
112929
112935
112938
112944
112947
112950
112953
112956
112959
112962
112965
112971
112974
112977
112980
112983
112989
112992
112995
112998
113001
113007
113010
113013
113016
113019
113022
113025
113028
113034
113037
113043
113046
113049
113052
113055
113058
113061
113064
113067
113070
113073
113079
113082
113085
113088
113091
113097
113100
113103
113106
113109
113112
113118
113121
113127
113130
113133
113136
113139
113142
113145
113148
113154
113157
113160
113163
113166
113172
113175
113178
113181
113184
113202
113205
113208
113211
113214
113217
113220
113223
113229
113232
113238
113241
113244
113247
113250
113253
113256
113265
113268
113271
113274
113280
113283
113286
113289
113292
113295
113298
113301
113304
113310
113313
113319
113322
113328
113331
113334
113337
113340
113355
113358
113361
113367
113391
113394
113406
113412
113454
113466
113481
113484
113502
113523
113535
113538
113553
113559
113571
113592
113610
113640
113655
113664
113667
113673
113676
113679
113682
113685
113688
113691
113694
113697
113703
113706
113709
113712
113715
113718
113721
113724
113727
113730
113733
113739
113742
113748
113751
113754
113757
113760
113763
113766
113769
113775
113778
113781
113784
113787
113793
113796
113799
113802
113805
113811
113817
113820
113823
113826
113829
113832
113835
113841
113844
113850
113853
113856
113859
113862
113865
113868
113871
113880
113883
113886
113892
113895
113898
113901
113904
113907
113910
113913
113946
113952
113964
113985
113994
114027
114042
114054
114060
114066
114075
114123
114153
114159
114162
114168
114195
114198
114270
114273
114276
114279
114282
114288
114291
114294
114297
114300
114303
114306
114309
114315
114318
114324
114327
114330
114333
114336
114339
114342
114345
114348
114351
114354
114360
114363
114366
114369
114372
114375
114378
114381
114384
114387
114390
114396
114408
114414
114417
114420
114423
114426
114429
114432
114435
114456
114459
114462
114465
114468
114477
114483
114486
114516
114522
114546
114549
114552
114555
114567
114570
114573
114576
114582
114597
114615
114618
114624
114633
114636
114639
114642
114645
114648
114651
114654
114660
114663
114666
114669
114672
114675
114678
114681
114684
114687
114690
114696
114699
114705
114708
114711
114714
114717
114720
114723
114726
114732
114735
114738
114741
114744
114753
114756
114759
114762
114765
114771
114774
114777
114780
114783
114786
114789
114792
114798
114801
114807
114810
114813
114816
114867
114870
114873
114876
114879
114882
114888
114894
114897
114900
114903
114906
114909
114912
114915
114918
114921
114924
114930
114933
114939
114942
114945
114948
114951
114954
114957
114960
114966
114969
114972
114975
114978
114984
114987
114990
114993
114996
115002
115005
115008
115011
115014
115017
115020
115023
115029
115032
115038
115041
115044
115047
115050
115053
115056
115059
115062
115065
115068
115074
115077
115080
115083
115086
115089
115092
115095
115098
115101
115107
115113
115116
115122
115125
115128
115131
115134
115137
115140
115146
115167
115176
115179
115182
115188
115356
115371
115407
115428
234598
234604
234607
234610
234613
234616
234619
234622
234625
234631
234634
234640
234643
234646
234673
234712
234715
234727
234730
234733
234736
234739
234745
234748
234751
234754
234757
234760
234763
234766
234769
234772
234775
234781
234784
234790
234793
234796
234799
234802
234805
234808
234811
234817
234820
234823
234826
234829
234835
234838
234841
234844
234847
234853
234856
234859
234862
234865
234868
234871
234874
234880
234883
234889
234892
234895
234898
234901
234904
234907
234910
234916
234922
234943
234958
234961
234973
234985
235000
235003
235006
235009
235018
235021
235036
235045
235063
235069
235072
235075
235078
235081
235084
235087
235090
235096
235099
235102
235105
235108
235114
235117
235120
235123
235129
235138
235141
235144
235147
235150
235153
235171
235174
235186
235189
235213
235216
235219
235222
235225
235228
235231
235234
235237
235240
235243
235249
235252
235255
235258
235261
235264
235267
235270
235273
235276
235279
235285
235288
235294
235297
235300
235303
235306
235309
235312
235315
235321
235324
235327
235330
235333
235339
235342
235345
235348
235351
235357
235360
235363
235366
235372
235375
235378
235381
235387
235390
235396
235399
235402
235405
235408
235414
235417
235420
235423
235426
235429
235435
235438
235441
235444
235447
235450
235453
235456
235459
235462
235465
235471
235474
235480
235483
235486
235489
235492
235495
235498
235501
235507
235510
235513
235516
235519
235525
235528
235531
235534
235537
235543
235546
235549
235552
235555
235558
235561
235564
235570
235573
235579
235582
235585
235588
235591
235594
235597
235600
235603
235606
235609
235615
235618
235621
235624
235627
235630
235633
235636
235639
235642
235645
235651
235654
235660
235663
235666
235669
235672
235675
235678
235681
235687
235690
235693
235696
235699
235705
235708
235711
235714
235717
235723
235726
235729
235732
235735
235738
235741
235744
235750
235753
235759
235762
235765
235768
235771
235774
235777
235780
235783
235786
235789
235795
235798
235801
235804
235807
235810
235813
235816
235819
235822
235825
235831
235834
235840
235843
235846
235849
235852
235855
235858
235861
235867
235870
235873
235876
235879
235885
235888
235891
235894
235897
235903
235906
235909
235912
235915
235918
235921
235924
235933
235936
235942
235945
235948
235951
235954
235957
235960
235963
235966
235969
235972
235978
235981
235984
235987
235990
235993
235996
236005
236011
236014
236017
236023
236026
236032
236035
236038
236041
236044
236047
236050
236053
236059
236062
236065
236068
236071
236077
236080
236083
236086
236089
236095
236098
236101
236104
236107
236110
236113
236116
236122
236125
236131
236134
236137
236140
236143
236146
236149
236152
236155
236158
236161
236167
236170
236173
236176
236179
236182
236185
236188
236191
236194
236197
236203
236206
236212
236215
236218
236221
236224
236227
236230
236233
236239
236242
236245
236248
236251
236257
236260
236263
236266
236269
236275
236278
236281
236284
236287
236290
236293
236296
236302
236305
236311
236314
236317
236320
236323
236326
236329
236332
236335
236338
236344
236350
236353
236356
236359
236362
236365
236368
236371
236374
236377
236380
236386
236389
236395
236398
236401
236404
236407
236410
236413
236416
236422
236425
236428
236431
236434
236440
236443
236446
236449
236452
236458
236461
236464
236467
236470
236473
236476
236479
236485
236488
236494
236497
236500
236503
236506
236509
236512
236515
236518
236521
236524
236530
236533
236536
236539
236542
236545
236548
236551
236554
236557
236560
236566
236569
236578
236581
236584
236590
236593
236596
236599
236602
236611
236614
236617
236620
236623
236638
236641
236644
236647
236653
236668
236671
236674
236677
236680
236686
236689
236692
236707
236710
236716
236719
236722
236725
236728
236731
236734
236737
236740
236743
236746
236752
236755
236758
236761
236764
236767
236770
236773
236776
236779
236782
236788
236791
236809
236812
236815
236818
236821
236824
236827
236830
236836
236848
236851
236854
236857
236863
236866
236869
236872
236875
236881
236884
236887
236890
236893
236896
236899
236902
236908
236911
236917
236920
236923
236926
236929
236932
236935
236938
236941
236944
236947
236953
236956
236959
236962
236965
236968
236971
236974
236977
236980
236983
236992
236995
237001
237004
237007
237010
237013
237016
237019
237022
237028
237031
237034
237037
237040
237046
237049
237052
237055
237058
237064
237067
237070
237073
237076
237091
237097
237115
237121
237124
237130
237133
237136
237139
237142
237145
237148
237151
237154
237157
237160
237166
237169
237172
237175
237178
237181
237184
237187
237190
237193
237196
237202
237205
237211
237214
237217
237220
237223
237226
237229
237232
237238
237241
237244
237247
237250
237259
237262
237265
237268
237271
237277
237280
237283
237286
237289
237292
237295
237298
237304
237307
237313
237316
237319
237322
237325
237328
237331
237334
237337
237340
237343
237349
237352
237355
237358
237361
237367
237379
237382
237385
237388
237391
237397
237400
237424
237427
237430
237433
237436
237439
237442
237445
237454
237457
237460
237463
237472
237478
237481
237484
237487
237490
237496
237499
237502
237505
237508
237511
237514
237517
237523
237526
237532
237535
237538
237541
237544
237547
237550
237553
237556
237559
237562
237568
237571
237577
237580
237589
237592
237595
237598
237601
237604
237607
340973
340976
341018
341024
341033
341039
341045
341048
341054
341057
341063
341066
341069
341072
341075
341081
341084
341087
341090
341093
341099
341102
341105
341108
341111
341114
341117
341120
341126
341129
341135
341138
341141
341144
341147
341150
341153
341156
341159
341162
341165
341171
341174
341177
341180
341183
341186
341195
341198
341201
341207
341210
341216
341219
341225
341228
341231
341234
341237
341240
341246
341252
341261
341273
341276
341279
341303
341324
341327
341330
341333
341336
341342
341345
341348
341351
341354
341357
341360
341363
341369
341372
341381
341384
341387
341390
341393
341396
341399
341402
341405
341408
341411
341417
341420
341423
341426
341429
341432
341435
341438
341441
341444
341447
341453
341456
341462
341465
341468
341471
341474
341477
341480
341483
341489
341492
341495
341498
341501
341507
341510
341513
341516
341519
341525
341528
341531
341534
341537
341540
341543
341546
341552
341555
341561
341564
341567
341570
341573
341576
341579
341582
341585
341588
341597
341612
341615
341618
341621
341624
341627
341630
341633
341636
341639
341642
341648
341651
341657
341660
341663
341666
341669
341672
341675
341678
341684
341687
341690
341696
341699
341705
341708
341711
341714
341717
341723
341726
341729
341732
341735
341738
341741
341744
341750
341753
341759
341762
341765
341768
341771
341774
341777
341780
341783
341786
341789
341795
341798
341801
341804
341807
341810
341813
341816
341819
341843
341849
341855
341858
341864
341867
341870
341873
341876
341879
341882
341885
341891
341894
341897
341900
341903
341909
341912
341915
341918
341921
341927
341930
341951
341966
341969
341972
341975
341978
341984
341987
341993
341996
341999
342002
342005
342008
342011
342014
342017
342020
342023
342029
342032
342035
342038
342041
342044
342047
342050
342053
342056
342059
342065
342068
342074
342077
342080
342083
342086
342095
342098
342101
342107
342110
342113
342116
342119
342125
342128
342131
342134
342137
342143
342146
342149
342152
342155
342158
342161
342164
342170
342173
342182
342185
342188
342191
342197
342200
342203
342206
342209
342212
342215
342221
342224
342227
342230
342233
342236
342239
342242
342245
342248
342251
342260
342263
342272
342275
342278
342281
342284
342287
342290
342293
342299
342302
342305
342308
342311
342317
342320
342323
342326
342329
342335
342338
342341
342344
342347
342350
342353
342356
342362
342365
342371
342374
342380
342383
342386
342389
342392
342398
342401
342404
342407
342413
342416
342419
342422
342425
342428
342431
342434
342437
342440
342443
342449
342452
342458
342461
342464
342467
342470
342473
342476
342479
342485
342488
342491
342494
342500
342506
342509
342512
342515
342518
342524
342527
342530
342533
342536
342539
342542
342545
342551
342554
342560
342563
342566
342569
342572
342575
342578
342581
342584
342587
342590
342596
342599
342602
342605
342608
342611
342614
342617
342620
342623
342626
342632
342635
342641
342644
342647
342650
342653
342656
342659
342662
342668
342671
342674
342677
342680
342686
342689
342692
342695
342698
342704
342707
342710
342713
342716
342719
342722
342725
342731
342734
342740
342743
342746
342749
342752
342755
342758
342761
342764
342767
342770
342776
342779
342782
342785
342788
342791
342794
342797
342800
342803
342806
342812
342815
342821
342824
342827
342830
342833
342836
342839
342842
342848
342851
342854
342857
342860
342866
342869
342875
342878
342881
342887
342890
342893
342896
342899
342902
342905
342908
342914
342917
342923
342926
342929
342932
342935
342938
342941
342944
342947
342950
342953
342959
342962
342965
342968
342971
342974
342977
342980
342983
342986
342989
342995
342998
343004
343007
343010
343013
343016
343019
343022
343025
343031
343034
343037
343040
343043
343049
343052
343055
343058
343061
343067
343070
343073
343076
343079
343082
343085
343088
343094
343097
343103
343106
343109
343112
343115
343118
343121
343124
343127
343130
343133
343139
343142
343145
343148
343151
343154
343157
343160
343163
343166
343169
343175
343181
343187
343190
343193
343196
343199
343202
343205
343211
343217
343220
343223
343226
343229
343235
343238
343241
343244
343247
343259
343262
343265
343268
343271
343274
343277
343280
343286
343289
343295
343298
343301
343304
343307
343322
343325
343331
343334
343337
343352
343370
343391
343397
343400
343418
343421
343424
343433
343436
343439
343442
343448
343451
343457
343460
343463
343466
343469
343472
343475
343478
343484
343487
343490
343493
343496
343502
343505
343508
343511
343514
343520
343523
343526
343529
343532
343535
343538
343541
343547
428300
428306
428309
428312
428315
428318
428321
428324
428327
428330
428336
428339
428345
428348
428351
428354
428357
428363
428366
428369
428372
428375
428378
428384
428387
428393
428396
428399
428402
428405
428408
428411
428414
428420
428423
428426
428429
428432
428438
428441
428444
428447
428450
428456
428459
428462
428465
428468
428471
428474
428477
428483
428486
428492
428495
428498
428501
428504
428507
428510
428513
428516
428519
428522
428528
428531
428537
428540
428543
428546
428549
428552
428555
428558
428561
428573
428576
428582
428621
428624
428627
428630
428633
428636
428639
428645
428648
428651
428654
428657
428663
428684
428702
428714
428717
428723
428726
428729
428732
428738
428741
428744
428759
428765
428768
428774
428777
428780
428783
428786
428789
428792
428795
428798
428801
428804
428810
428813
428831
428840
428843
428846
428849
428852
428855
428858
428861
428867
428870
428876
428879
428885
428888
428891
428894
428897
428900
428906
428909
428912
428915
428918
428924
428927
428930
428933
428936
428942
428945
428948
428951
428954
428990
428996
428999
429005
429008
429014
429017
429020
429023
429026
429029
429032
429035
429038
429041
429044
429050
429053
429056
429059
429062
429065
429068
429074
429080
429104
429107
429113
429116
429122
429125
429128
429131
429134
429137
429140
429143
429149
429152
429155
429158
429161
429167
429170
429173
429176
429179
429185
429188
429191
429194
429197
429200
429203
429206
429212
429215
429221
429224
429227
429230
429233
429236
429239
429242
429245
429248
429251
429257
429260
429263
429266
429269
429272
429275
429278
429281
429284
429287
429293
429296
429302
429305
429308
429311
429314
429317
429320
429323
429329
429332
429335
429338
429341
429347
429350
429353
429356
429359
429365
429368
429371
429374
429377
429380
429383
429386
429392
429395
429401
429404
429407
429410
429413
429416
429419
429422
429425
429428
429431
429437
429440
429443
429446
429449
429452
429455
429458
429461
429464
429467
429473
429476
429482
429485
429488
429491
429494
429497
429500
429503
429509
429512
429518
429521
429524
429530
429533
429536
429539
429542
429548
429551
429554
429557
429560
429563
429566
429569
429575
429578
429584
429587
429590
429593
429596
429599
429602
429605
429608
429611
429614
429620
429623
429626
429629
429632
429635
429638
429641
429644
429647
429650
429656
429659
429665
429668
429671
429674
429677
429680
429683
429686
429692
429695
429698
429701
429704
429710
429713
429716
429719
429722
429728
429731
429734
429737
429740
429743
429746
429749
429755
429758
429767
429770
429773
429776
429779
429782
429785
429788
429791
429794
429797
429803
429806
429809
429812
429815
429818
429821
429824
429827
429830
429833
429839
429842
429848
429851
429854
429857
429860
429863
429866
429869
429875
429878
429881
429884
429887
429893
429896
429899
429902
429905
429911
429914
429917
429920
429923
429926
429929
429932
429938
429941
429947
429950
429953
429956
429959
429962
429965
429968
429971
429974
429977
429983
429986
429989
429992
429995
429998
430001
430004
430007
430010
430013
430019
430022
430028
430031
430034
430037
430040
430043
430046
430049
430055
430058
430061
430064
430067
430073
430076
430079
430082
430085
430091
430094
430097
430100
430103
430106
430109
430112
430118
430121
430127
430130
430133
430136
430139
430142
430145
430148
430151
430154
430157
430163
430166
430169
430172
430175
430178
430181
430184
430187
430190
430193
430199
430202
430208
430211
430214
430217
430220
430223
430226
430229
430235
430238
430241
430244
430247
430253
430256
430259
430262
430265
430271
430274
430277
430280
430283
430286
430289
430292
430298
430301
430307
430310
430313
430316
430319
430322
430325
430328
430331
430334
430337
430343
430346
430349
430352
430355
430358
430361
430364
430367
430370
430373
430379
430382
430388
430391
430394
430397
430400
430403
430406
430409
430415
430418
430421
430424
430427
430433
430436
430439
430442
430445
430451
430454
430457
430460
430463
430466
430469
430472
430478
430481
430487
430490
430493
430496
430499
430502
430505
430508
430511
430514
430517
430523
430526
430529
430532
430535
430538
430541
430544
430547
430550
430553
430559
430562
430568
430571
430574
430577
430580
430583
430676
430679
430685
430688
430691
430694
430697
430703
430706
430709
430712
430715
430721
430724
430727
430730
430733
430736
430739
430742
430748
430751
430757
430760
430763
430766
430769
430772
430775
430778
430781
430784
430787
430793
430796
430799
430802
430805
430808
430811
430814
430817
430820
430823
430829
430832
430838
430841
430844
430850
430856
430859
430862
430865
430871
430874
430877
430880
430883
430889
430892
430895
430898
430901
430907
430910
430913
430916
430919
430922
430925
430928
430934
430937
430943
430946
430949
430952
430955
430958
430961
430964
430967
430970
430973
430979
430982
430985
430991
430994
430997
431000
431003
431006
431009
431012
431018
431021
431027
431030
431033
431036
431039
431042
431045
431048
431054
431057
431060
431063
431066
431072
431075
431078
431081
431084
431090
431093
431099
431108
431111
431114
431117
431120
431126
431129
431135
431138
431141
431144
431147
431150
431153
431156
431159
431162
431165
431171
431174
431177
431180
431183
431186
431189
431192
431195
431198
431201
431207
431210
431216
431219
431222
431225
431231
431234
431240
431246
431252
431255
431258
431261
431270
431276
431279
431285
431288
431294
431306
431312
431315
431321
431324
431339
431348
431354
431360
431363
431369
431372
431378
431384
431387
431390
431393
431396
