012842
012857
012863
012878
012887
012932
012935
012938
012944
012950
012968
013034
013040
013085
013115
013118
013121
013124
013127
013130
013133
013139
013142
013145
013148
013151
013157
013190
013196
013205
013214
013238
013247
013277
013286
013307
013310
013328
013331
013388
013406
013418
013439
013448
013454
013466
013496
013517
013520
013523
013550
013598
013634
013640
013661
013667
013679
013739
013766
013790
013838
013844
013892
013955
013958
014003
014006
014009
014012
014015
014018
014021
014024
014030
014054
014060
014072
014075
014084
014087
014096
014123
014138
014240
014243
014246
014249
014252
014255
014258
014261
014267
014270
014294
014297
014309
014348
014351
014354
014357
014360
014363
014366
014369
014375
014378
014384
014393
014399
014414
014417
014420
014423
014426
014429
014435
014438
014444
014447
014450
014453
014456
014459
014462
014465
014471
014474
014477
014480
014483
014489
014492
014495
014498
014501
014507
014510
014513
014516
014519
014522
014525
014528
014534
014537
014543
014546
014549
014552
014555
014558
014561
014564
014567
014570
014576
014582
014588
014591
014594
014597
014600
014603
014606
014609
014612
014615
014621
014624
014630
014633
014636
014648
014675
014690
014708
014714
014738
014759
014765
014771
014789
014807
014810
014813
014828
014834
014858
014864
014867
014879
014891
014915
014933
014939
014954
014984
014999
015014
015017
015029
015041
015077
015089
015110
015113
015134
015143
015254
015263
015275
015281
015284
015293
015296
015299
015302
015305
015308
015314
015317
015323
015326
015329
015332
015335
015338
015341
015344
015350
015353
015356
015359
015362
015368
015371
015374
015377
015380
015386
015389
015392
015395
015398
015401
015404
015407
015413
015416
015422
015425
015428
015431
015434
015437
015440
015443
015446
015449
015452
015458
015461
015464
015467
015470
015473
015476
015479
015482
015485
015488
015494
015500
015512
015515
015518
015521
015524
015542
015545
015548
015566
120596
120602
120614
120617
120626
120638
120668
120671
120674
120680
120683
120686
120689
120692
120695
120698
120701
120707
120710
120716
120719
120722
120725
120728
120731
120734
120737
120740
120743
120746
120752
120758
120770
120785
120812
120815
120818
120821
120824
120827
120830
120836
120839
120845
120848
120851
120854
120857
120860
120863
120866
120872
120875
120878
120881
120884
120890
120893
120896
120899
120905
120911
120917
120920
120923
120926
120929
120932
120935
120941
120944
120950
120953
120956
120959
120962
120965
120968
120971
120974
120977
120980
120986
120989
120992
120995
120998
121001
121004
121007
121010
121013
121016
121022
121025
121031
121034
121037
121040
121043
121046
121049
121052
121058
121061
121064
121067
121070
121076
121079
121082
121085
121088
121094
121097
121100
121103
121106
121109
121112
121115
121121
121124
121130
121133
121136
121139
121142
121145
121148
121151
121154
121157
121160
121166
121169
121172
121175
121178
121181
121184
121187
121190
121193
121199
121214
121217
121223
121226
121229
121232
121235
121238
121241
121244
121250
121271
121274
121277
121280
121286
121289
121292
121295
121298
121304
121307
121310
121313
121316
121319
121322
121343
121358
121370
121391
121400
121421
121430
121433
121436
121448
121454
121457
121463
121472
121478
121481
121484
121487
121490
121493
121505
121508
121511
121514
121529
121565
121568
121574
121577
121580
121583
121586
121589
121592
121595
121601
121604
121607
121610
121613
121619
121622
121625
121628
121631
121637
121640
121643
121646
121649
121652
121655
121658
121667
121670
121676
121679
121682
121685
121688
121691
121694
121697
121700
121703
121706
121712
121715
121718
121721
121724
121727
121730
121733
121736
121739
121742
121748
121751
121757
121760
121763
121766
121769
121772
121775
121778
121784
121787
121790
121793
121796
121802
121805
121808
121811
121814
121820
121823
121826
121829
121832
121835
121838
121841
121847
121850
121856
121859
121862
121865
121868
121871
121874
121877
121880
121883
121886
121892
121895
121898
121901
121904
121907
121910
121913
121916
121919
121922
121949
121988
122204
122207
122210
122225
122234
122237
122240
122243
122249
122252
122255
122258
122261
122267
122270
122273
122276
122279
122285
122288
122318
122330
122336
122354
122366
122369
122375
122378
122384
122387
122390
122393
122396
122399
122402
122405
122408
122411
122414
122420
122423
122426
122429
122432
122435
122438
122441
122444
122447
122450
122456
122459
122468
122480
122483
122486
122495
122501
122534
122540
122576
122636
122639
122654
122672
122678
122681
122684
122687
122690
122696
122699
122702
122705
122708
122711
122714
122735
122741
122744
122750
122759
122762
122783
122786
122789
122792
122795
122798
122801
122804
122810
122813
122816
122819
122822
122828
122846
122849
122867
122906
122912
122924
122927
122933
122936
122939
122942
122945
122948
122951
122954
122960
122963
122966
122969
122972
122978
122981
122984
122987
122990
122996
122999
123002
123011
123017
123020
123023
123026
123032
123035
123041
123044
123047
123050
123053
123056
123059
123062
123065
123068
123071
123077
123080
123083
123086
123089
123092
123095
123098
123101
123104
123107
123113
123116
123122
123125
123146
123149
123221
123227
123230
123266
123275
123278
123284
123287
123293
123299
123317
227552
227555
227558
227564
227567
227579
227582
227588
227627
227645
227648
227654
227660
227687
227708
227711
227714
227717
227720
227723
227726
227729
227732
227735
227741
227744
227747
227750
227753
227756
227759
227762
227765
227768
227789
227828
227831
227846
227867
227882
227885
227888
227891
227894
227897
227903
227906
227909
227912
227915
227921
227924
227927
227930
227933
227942
227945
227948
227951
227954
227957
227960
227963
227969
227972
227978
227981
227984
227987
227990
227993
227996
227999
228002
228005
228008
228014
228017
228020
228023
228026
228029
228032
228035
228038
228041
228044
228050
228053
228059
228062
228065
228068
228071
228074
228077
228080
228092
228095
228098
228101
228104
228110
228113
228116
228119
228122
228128
228131
228134
228137
228140
228143
228146
228149
228155
228158
228164
228167
228170
228173
228176
228179
228182
228185
228188
228191
228194
228200
228203
228206
228209
228212
228215
228218
228221
228224
228227
228230
228236
228239
228245
228248
228251
228254
228257
228260
228263
228266
228272
228275
228278
228281
228284
228290
228293
228296
228299
228302
228308
228311
228314
228317
228320
228323
228326
228329
228335
228338
228344
228347
228350
228353
228356
228359
228362
228365
228368
228371
228374
228380
228383
228386
228389
228392
228395
228398
228401
228404
228407
228410
228416
228419
228425
228428
228431
228434
228437
228440
228446
228449
228455
228458
228467
228470
228473
228479
228482
228485
228488
228491
228497
228500
228515
228536
228539
228578
228605
228611
228638
228644
228680
228683
228692
228707
228719
228725
228743
228752
228779
228800
228812
228920
228926
228932
228935
228965
228977
228983
228986
228989
228992
228995
229001
229004
229010
229013
229016
229019
229022
229025
229028
229031
229037
229040
229043
229046
229049
229055
229061
229064
229067
229070
229076
229079
229082
229085
229088
229091
229094
229097
229103
229106
229112
229115
229118
229121
229127
229130
229133
229136
229139
229142
229145
229151
229154
229157
229160
229163
229166
229169
229172
229175
229178
229184
229190
229193
229199
229202
229205
229208
229211
229214
229217
229220
229226
229229
229232
229235
229238
229244
229247
229250
229253
229256
229262
229271
229298
229301
229307
229337
229340
229388
229409
229421
229484
229487
229499
229562
229571
229574
229577
229580
229583
229586
229589
229595
229598
229601
229604
229607
229610
229613
229616
229619
229622
229625
229631
229634
229640
229643
229646
229649
229652
229655
229658
229661
229670
229679
229682
229685
229688
229694
229697
229700
229703
229706
229712
229715
229718
229721
229724
229727
229730
229733
229739
229742
229748
229751
229754
229757
229760
229763
229766
229769
229772
229775
229778
229784
229787
229790
229793
229796
229799
229802
229805
229808
229811
229814
229820
229823
229829
229838
229841
229856
229868
229871
229874
229880
229886
229898
229901
229904
229943
229973
229979
229982
229997
230012
230030
230039
230060
230066
230069
230075
230078
230117
230129
230132
230138
230141
230144
230147
230150
230153
230156
230159
230162
230165
230168
230174
230177
230180
230183
230186
230189
230192
230195
230198
230201
230204
230210
230213
230219
230222
230231
230234
230237
230240
230243
230246
230252
230255
230258
230264
230267
230273
230276
230279
230282
230285
335257
335260
335263
335266
335269
335272
335275
335278
335284
335287
335293
335296
335299
335302
335305
335308
335311
335314
335317
335320
335323
335329
335332
335335
335338
335341
335344
335347
335350
335353
335356
335359
335365
335368
335374
335377
335380
335383
335386
335389
335392
335395
335401
335404
335407
335410
335413
335419
335422
335425
335428
335431
335437
335440
335443
335446
335449
335452
335455
335458
335464
335467
335473
335476
335479
335482
335485
335488
335491
335494
335497
335500
335503
335509
335512
335515
335518
335521
335524
335527
335530
335533
335536
335539
335545
335548
335554
335557
335560
335563
335566
335569
335572
335575
335581
335587
335593
335596
335599
335605
335608
335611
335614
335617
335623
335626
335629
335632
335635
335641
335644
335647
335653
335656
335662
335665
335668
335671
335674
335677
335680
335683
335686
335689
335692
335698
335701
335704
335707
335710
335713
335716
335719
335722
335728
335731
335737
335740
335746
335749
335752
335755
335758
335761
335764
335767
335773
335776
335779
335782
335785
335791
335797
335803
335806
335815
335821
335824
335827
335830
335833
335836
335839
335842
335848
335851
335857
335860
335863
335866
335869
335872
335878
335881
335884
335887
335890
335896
335899
335902
335905
335908
335911
335914
335920
335923
335926
335929
335938
335941
335947
335950
335953
335956
335959
335962
335965
335968
335974
335977
335980
335983
335986
335992
335995
335998
336001
336004
336010
336013
336016
336019
336022
336025
336028
336031
336037
336040
336046
336049
336052
336055
336058
336061
336064
336067
336070
336073
336076
336082
336085
336088
336091
336094
336097
336100
336103
336106
336109
336112
336118
336121
336127
336130
336133
336136
336139
336142
336145
336148
336154
336157
336160
336163
336166
336172
336175
336178
336181
336184
336190
336193
336196
336199
336202
336217
336226
336238
336253
336256
336283
336289
336292
336295
336298
336301
336304
336307
336310
336313
336316
336322
336325
336328
336331
336334
336337
336343
336346
336349
336352
336355
336361
336364
336370
336373
336376
336379
336382
336385
336388
336391
336397
336400
336403
336406
336409
336415
336418
336421
336424
336427
336433
336436
336439
336442
336445
336463
336466
336469
336475
336478
336484
336487
336490
336493
336496
336499
336502
336505
336508
336511
336514
336520
336523
336526
336529
336532
336535
336538
336541
336544
336547
336550
336556
336559
336568
336571
336574
336604
336610
336613
336616
336619
336625
336628
336631
336634
336637
336643
336646
336667
336670
336694
336703
336712
336715
336718
336721
336724
336727
336730
336736
336739
336745
336748
336751
336754
336757
336760
336763
336766
336769
336772
336775
336781
336784
336787
336790
336793
336796
336799
336802
336805
336808
336811
336817
336820
336826
336829
336832
336835
336838
336841
336844
336847
336853
336856
336859
336862
336865
336871
336874
336877
336880
336883
336889
336892
336895
336898
336901
336904
336907
336910
336916
336919
336925
336928
336931
336934
336937
336940
336943
336946
336961
336964
336967
336973
336976
336979
336985
337000
337039
337042
337264
337288
337291
337309
337330
337339
337345
337348
337351
337354
337357
337360
337363
337366
337387
337396
337405
337441
337444
337450
337453
337456
337459
337462
337468
337471
337474
337477
337480
337483
337486
337489
337495
337498
337504
337507
337510
337513
337516
337519
337522
337525
337528
337531
337540
337591
337621
337627
337633
337642
337645
337651
337663
337678
337681
337705
337711
337714
337729
337804
337807
337822
337837
337840
337846
337855
337867
337870
337873
337876
337879
337885
337888
337891
337894
337897
337903
337906
337909
337924
337927
337930
337933
337936
337942
337945
337951
337954
337960
337963
337966
337969
337972
337975
403513
403516
403519
403525
403528
403531
403534
403537
403540
403543
403546
403549
403552
403555
403561
403564
403570
403573
403576
403579
403582
403585
403588
403591
403597
403600
403603
403606
403609
403615
403618
403621
403624
403627
403633
403636
403639
403642
403645
403648
403651
403654
403660
403663
403669
403672
403675
403678
403684
403687
403696
403705
403708
403714
403717
403723
403726
403729
403732
403735
403738
403771
403786
403807
403831
403843
403858
403861
403867
403870
403873
403876
403879
403882
403888
403891
403897
403900
403903
403906
403909
403915
403918
403921
403924
403927
403933
403936
403939
403942
403945
403948
403951
403954
403960
403963
403969
403972
403975
403978
403981
403984
403987
403990
403993
403996
403999
404005
404008
404011
404014
404017
404020
404023
404029
404032
404035
404038
404044
404050
404056
404059
404062
404065
404068
404071
404074
404077
404083
404086
404089
404092
404095
404101
404107
404110
404113
404116
404122
404125
404128
404131
404134
404137
404140
404143
404149
404155
404161
404164
404167
404170
404173
404176
404179
404182
404185
404188
404191
404197
404200
404203
404206
404209
404212
404215
404218
404221
404224
404227
404233
404236
404242
404245
404248
404251
404254
404257
404260
404263
404269
404272
404275
404278
404281
404287
404290
404293
404296
404299
404305
404308
404311
404314
404317
404320
404323
404326
404332
404335
404341
404344
404347
404350
404353
404356
404359
404362
404365
404368
404371
404377
404380
404383
404386
404389
404392
404395
404398
404401
404404
404407
404413
404416
404422
404425
404428
404431
404434
404437
404440
404443
404452
404455
404458
404461
404464
404470
404476
404479
404482
404485
404491
404494
404497
404500
404506
404512
404515
404518
404524
404530
404536
404548
404551
404554
404557
404560
404563
404566
404569
404572
404575
404584
404596
404614
404620
404632
404641
404650
404659
404668
404674
404683
404713
404716
404722
404725
404728
404731
404734
404737
404740
404746
404752
404755
404758
404761
404764
404770
404773
404776
404779
404782
404794
404797
404800
404803
404806
404809
404812
404863
404878
404881
404887
404890
404893
404896
404899
404959
404989
405004
405007
405019
405022
405028
405031
405037
405046
405049
405052
405055
405058
405067
405070
405073
405079
405082
405088
405091
405094
405097
405100
405103
405106
405109
405115
405118
405121
405124
405127
405133
405136
405139
405142
405145
405151
405154
405157
405160
405163
405166
405169
405172
405178
405181
405187
405190
405193
405196
405199
405202
405205
405208
405211
405214
405217
405223
405226
405229
405232
405235
405238
405241
405244
405247
405250
405253
405259
405265
405271
405274
405277
405280
405283
405286
405289
405292
405298
405301
405304
405307
405310
405316
405319
405322
405325
405328
405334
405337
405340
405343
405346
405349
405352
405355
405361
405364
405370
405373
405376
405379
405382
405385
405388
405391
405394
405397
405400
405406
405409
405412
405415
405418
405421
405424
405427
405430
405433
405436
405442
405445
405451
405454
405463
405472
405481
405484
405490
405499
405505
405508
405511
405514
405517
405523
405526
405529
405532
405535
405541
405544
405547
405550
405553
405556
405559
405562
405568
405571
405577
405580
405583
405586
405589
405592
405595
405598
405601
405604
405607
405613
405616
405619
405622
405625
405628
405631
405634
405637
405640
405643
405649
405652
405658
405661
405664
405667
405670
405673
405676
405679
405685
405688
405691
405694
405697
405703
405706
405709
405712
405715
405721
405724
405727
405730
405733
405736
405739
405748
405754
405757
405763
405766
405769
405772
405775
405778
405781
405784
405787
405790
405793
405799
405802
405805
405808
405811
405814
405817
405820
405823
405826
405829
405835
405838
405844
405847
405850
405853
405856
405859
405862
405865
405871
405874
405877
405880
405883
405889
405895
405898
405901
405904
405910
405913
405916
405919
405922
405925
405928
405931
405937
405940
405946
405949
405952
405955
405958
405961
405964
405967
405970
405973
405976
405982
405985
405988
405991
405994
405997
406000
406003
406006
406009
406012
406018
406021
