127014
127017
127023
127026
127029
127032
127035
127038
127041
127044
127047
127053
127056
127062
127065
127068
127071
127074
127077
127080
127083
127089
127092
127095
127098
127101
127107
127110
127113
127116
127119
127125
127128
127131
127134
127137
127140
127149
127152
127158
127161
127167
127170
127173
127176
127179
127182
127185
127188
127191
127194
127197
127203
127206
127209
127221
127224
127227
127230
127233
127245
127248
127251
127260
127263
127272
127278
127302
127314
127326
127332
127341
127374
127386
127389
127401
127413
127425
127446
127449
127464
127485
127494
127536
127560
127563
127566
127569
127572
127575
127578
127584
127587
127593
127596
127599
127602
127605
127608
127611
127614
127617
127620
127623
127629
127632
127635
127638
127641
127644
127647
127650
127653
127656
127659
127665
127668
127674
127677
127680
127683
127686
127689
127692
127695
127701
127704
127707
127710
127713
127719
127722
127725
127728
127731
127737
127740
127743
127746
127749
127752
127755
127758
127764
127767
127776
127779
127785
127788
127794
127797
127800
127803
127806
127809
127812
127821
127824
127827
127830
127833
127836
127839
127842
127845
127848
127851
127857
127860
127866
127869
127872
127875
127878
127881
127884
127887
127893
127896
127899
127902
127905
127911
127914
127917
127920
127923
127929
127962
127965
127968
127971
127974
127977
127980
127986
127989
127995
127998
128004
128010
128013
128016
128019
128022
128025
128028
128031
128040
128043
128046
128049
128052
128055
128058
128061
128064
128070
128073
128079
128082
128088
128091
128094
128097
128100
128103
128106
128109
128115
128118
128121
128124
128127
128133
128136
128139
128142
128145
128151
128154
128157
128160
128163
128166
128169
128172
128178
128181
128187
128190
128193
128196
128199
128202
128205
128208
128211
128214
128217
128223
128226
128229
128232
128235
128238
128241
128244
128247
128250
128253
128259
128262
128268
128271
128274
128277
128280
128283
128286
128289
128295
128298
128301
128304
128307
128313
128316
128319
128322
128325
128331
128334
128337
128340
128343
128346
128349
128352
128358
128361
128367
128370
128373
128376
128379
128382
128385
128388
128391
128394
128397
128403
128406
128409
128412
128415
128418
128421
128424
128427
128430
128433
128439
128442
128448
128451
128454
128457
128460
128463
128466
128469
128475
128478
128481
128484
128487
128493
128496
128499
128502
128505
128511
128514
128517
128520
128523
128526
128529
128532
128538
128541
128547
128550
128553
128556
128559
128562
128565
128568
128571
128574
128577
128583
128586
128589
128592
128595
128598
128601
128604
128607
128634
128637
128643
128646
128652
128655
128658
128661
128664
128667
128670
128673
128679
128682
128685
128688
128691
128697
128700
128703
128706
128709
128715
128718
128721
128724
128727
128730
128733
128736
128742
128745
128751
128754
128757
128760
128763
128766
128769
128772
128775
128778
128781
128787
128790
128793
128796
128799
128802
128805
128808
128811
128814
128826
128853
128871
128904
128907
128919
128931
128967
128976
129000
129003
129012
129039
129045
129063
129066
129123
129129
129132
129141
129162
129177
129207
129213
129228
129231
129234
129237
129240
129246
129249
129255
129258
129261
129264
129267
129270
129273
129276
129279
129282
129285
129291
129294
129297
129300
129303
129306
129309
129312
129315
129318
129321
129327
129330
129336
129339
129342
129345
129348
129366
129369
129411
129417
129420
129423
129426
129429
129435
129438
129441
129444
129447
129453
129456
129459
129462
129465
129468
129471
129474
129480
129483
129489
129492
129495
129498
129501
129504
129507
129510
129513
129516
129519
129525
129528
129531
129534
129537
129540
129543
129546
129549
129552
129555
129561
129564
129588
129591
129594
129597
129600
129603
129606
129621
129627
129630
129633
129636
129639
129666
129669
129672
129675
129678
129684
129687
129690
129693
129696
129699
129702
129705
129711
129714
232746
232749
232752
232755
232758
232761
232764
232767
232770
232773
232776
232782
232785
232788
232791
232794
232797
232800
232803
232806
232809
232812
232818
232821
232827
232830
232833
232836
232839
232842
232845
232848
232854
232857
232860
232863
232866
232872
232875
232878
232881
232884
232896
232902
232905
232908
232911
232914
232917
232920
232926
232929
232935
232938
232941
232944
232947
232950
232953
232956
232959
232962
232965
232971
232974
232977
232980
232983
232986
232989
232992
232995
232998
233001
233007
233010
233016
233019
233022
233025
233028
233031
233037
233040
233046
233049
233052
233055
233061
233067
233070
233073
233076
233079
233085
233088
233091
233094
233097
233100
233103
233106
233112
233115
233121
233124
233127
233130
233133
233136
233139
233145
233148
233151
233154
233160
233163
233166
233169
233172
233175
233178
233181
233184
233187
233190
233199
233202
233208
233211
233214
233217
233220
233223
233226
233229
233235
233238
233241
233244
233247
233253
233256
233259
233262
233265
233271
233274
233277
233280
233283
233286
233289
233292
233298
233304
233310
233313
233319
233322
233328
233331
233334
233337
233340
233343
233349
233361
233364
233367
233370
233373
233376
233379
233382
233385
233388
233391
233397
233400
233406
233421
233424
233436
233466
233472
233478
233496
233592
233598
233607
233625
233628
233646
233652
233667
233670
233679
233706
233712
233727
233730
233739
233757
233766
233787
233811
233874
233880
233883
233886
233889
233892
233895
233898
233901
233904
233907
233910
233916
233919
233922
233925
233928
233931
233934
233937
233940
233943
233946
233952
233955
233961
233964
233967
233970
233973
233976
233979
233982
234063
234075
234081
234084
234087
234105
234126
234135
234138
234141
234147
234150
234153
234156
234159
234162
234165
234168
234174
234177
234183
234186
234189
234192
234195
234198
234201
234204
234207
234210
234213
234219
234222
234225
234228
234231
234234
234237
234240
234243
234246
234249
234255
234258
234264
234267
234270
234273
234276
234279
234282
234285
234291
234294
234297
234300
234303
234309
234312
234315
234318
234321
234327
234330
234333
234336
234339
234342
234345
234348
234354
234357
234363
234366
234369
234372
234375
234378
234381
234384
234387
234390
234393
234399
234402
234405
234408
234411
234414
234417
234420
234423
234426
234429
234435
234438
234444
234447
234450
234453
234456
234459
234462
234465
234471
234474
234477
234480
234483
234489
234492
234495
234498
234501
234507
234510
234513
234516
234519
234525
234528
234531
234537
234540
234546
234549
234567
234570
234573
234576
234579
234582
234585
234588
234591
234597
234600
234603
234606
234609
234612
234615
234618
234621
234624
234627
234633
234636
234645
234651
234660
234669
234672
234675
234678
234681
234687
234690
234693
234696
234699
234705
234708
234711
234714
234717
234723
234726
234729
234732
234735
234738
234741
234744
234750
234753
234759
234762
234765
234768
234771
234774
234777
234780
234783
234786
234789
234795
234798
234801
234804
234807
234810
234813
234816
234819
234822
234825
234840
234849
234891
234894
234897
234900
234903
234906
234909
234912
234918
234921
234924
234927
234930
234936
234939
234942
234945
234948
234954
234957
234960
234963
234966
234969
234972
234975
234981
234984
234990
234993
234996
234999
235002
235005
235008
235011
235014
235017
235020
235026
235029
235032
235035
235038
235041
235044
235047
235050
235053
235056
235062
235065
235071
235089
235092
235095
235098
235101
235104
235107
235113
235116
235119
235122
235125
235131
235134
235137
235140
235143
235149
235152
235155
235158
235161
235164
235167
235170
235176
235179
235185
235188
235191
235194
235197
235200
235203
235206
235209
235212
235215
235221
235224
235227
235230
235233
235236
235239
235242
235245
235248
235251
235257
235260
235266
235275
235284
235287
235290
235293
235296
235299
235305
235308
235311
235314
235317
235323
235326
235329
235332
235335
235341
235344
235347
235350
235353
235356
235359
235362
235368
235371
235377
235380
235383
235386
235389
235392
235395
235398
235401
235404
235407
235413
235416
235419
235422
235425
235428
340192
340195
340198
340201
340204
340210
340213
340219
340222
340225
340228
340231
340234
340237
340240
340249
340252
340255
340258
340261
340267
340270
340273
340276
340279
340285
340288
340291
340294
340297
340300
340303
340306
340312
340324
340336
340339
340342
340345
340351
340354
340360
340363
340366
340369
340381
340396
340399
340402
340405
340408
340435
340438
340441
340444
340447
340450
340456
340459
340465
340471
340474
340477
340480
340483
340486
340489
340495
340498
340501
340504
340507
340513
340516
340519
340522
340525
340531
340534
340537
340540
340543
340546
340549
340552
340558
340561
340567
340570
340573
340576
340579
340582
340585
340588
340591
340594
340597
340603
340606
340609
340612
340615
340618
340621
340624
340627
340630
340633
340639
340642
340648
340651
340654
340657
340660
340663
340666
340669
340675
340678
340681
340684
340687
340693
340696
340708
340711
340714
340741
340744
340747
340750
340780
340810
340813
340816
340822
340828
340834
340840
340843
340846
340849
340852
340855
340858
340861
340864
340867
340876
340879
340882
340885
340888
340891
340894
340897
340900
340903
340906
340912
340918
340927
340930
340933
340936
341017
341020
341023
341026
341032
341035
341041
341047
341050
341056
341059
341062
341065
341068
341074
341077
341080
341083
341086
341089
341092
341095
341101
341104
341110
341113
341116
341119
341122
341125
341128
341131
341134
341137
341140
341146
341149
341152
341155
341164
341167
341170
341173
341176
341179
341182
341188
341191
341197
341200
341203
341206
341209
341212
341215
341218
341224
341227
341230
341233
341236
341242
341245
341248
341251
341254
341260
341263
341266
341275
341278
341281
341284
341287
341293
341296
341302
341305
341308
341311
341314
341323
341326
341329
341332
341335
341338
341344
341347
341350
341353
341362
341368
341371
341374
341377
341380
341383
341389
341392
341398
341401
341404
341407
341410
341413
341416
341419
341425
341428
341431
341434
341437
341452
341455
341458
341461
341464
341470
341473
341476
341479
341482
341485
341488
341491
341497
341500
341506
341509
341512
341515
341518
341521
341524
341527
341530
341533
341536
341548
341551
341554
341557
341560
341563
341566
341569
341572
341575
341578
341584
341587
341596
341599
341602
341605
341608
341611
341614
341617
341623
341626
341629
341632
341635
341641
341644
341647
341650
341653
341659
341662
341665
341668
341671
341674
341677
341680
341686
341689
341695
341701
341704
341707
341710
341713
341716
341719
341722
341725
341728
341734
341737
341740
341743
341746
341749
341752
341755
341758
341761
341764
341770
341773
341779
341782
341785
341788
341794
341797
341800
341803
341809
341812
341815
341818
341821
341827
341830
341833
341836
341839
341845
341848
341851
341854
341857
341860
341863
341866
341872
341875
341884
341887
341890
341893
341896
341899
341902
341905
341908
341911
341914
341920
341923
341926
341929
341935
341938
341941
341944
341947
341950
341953
341959
341962
341968
341971
341974
341977
341980
341983
341986
341989
341998
342001
342007
342010
342013
342019
342022
342025
342028
342034
342040
342043
342046
342049
342052
342055
342058
342061
342067
342070
342076
342079
342082
342085
342088
342091
342094
342097
342100
342103
342106
342112
342115
342118
342124
342127
342130
342133
342136
342142
342145
342148
342160
342163
342172
342175
342178
342181
342184
342187
342199
342202
342208
342211
342214
342217
342370
342376
342379
342382
342385
342391
342397
342400
342403
342418
342424
342430
342436
342439
342448
342457
342466
342469
342478
342484
342490
342502
342520
342538
342556
342559
342562
342568
342571
342574
342577
342580
342583
342586
342589
342592
342595
342598
342604
342607
342613
342616
342619
342622
342625
342628
342631
342634
342643
342646
342652
342658
342661
342667
342670
342673
342676
342679
342685
342688
342691
342694
342697
342700
342703
342706
342712
342715
342730
342733
342736
342739
342742
342745
342748
342757
342766
342769
342784
342802
342808
342811
342814
342820
342823
342829
342832
342835
342838
342841
342847
342850
342856
342859
342862
342871
342874
342877
342880
342883
342889
342892
342895
342898
342901
342907
342910
342913
342916
342919
342925
447988
447991
447994
447997
448000
448003
448006
448015
448018
448024
448027
448030
448033
448036
448039
448042
448045
448048
448051
448054
448060
448063
448066
448069
448072
448075
448078
448081
448084
448087
448090
448099
448120
448126
448129
448132
448135
448138
448141
448144
448147
448153
448156
448159
448162
448165
448171
448174
448177
448180
448183
448189
448192
448195
448198
448201
448204
448207
448210
448219
448222
448228
448231
448234
448237
448240
448243
448246
448249
448252
448255
448258
448264
448267
448270
448273
448276
448279
448282
448285
448288
448291
448294
448300
448303
448309
448312
448315
448318
448321
448324
448327
448330
448336
448339
448342
448345
448348
448354
448357
448360
448363
448366
448372
448375
448378
448381
448387
448390
448435
448438
448444
448447
448459
448462
448465
448468
448471
448474
448477
448480
448483
448486
448489
448495
448498
448501
448504
448507
448510
448513
448519
448525
448528
448531
448537
448540
448546
448549
448552
448555
448558
448561
448564
448567
448573
448576
448579
448582
448585
448591
448594
448597
448600
448603
448609
448612
448615
448618
448621
448624
448627
448630
448636
448639
448645
448648
448651
448654
448657
448660
448663
448666
448669
448672
448675
448684
448687
448690
448693
448696
448699
448702
448705
448708
448711
448714
448720
448723
448729
448732
448735
448738
448741
448744
448747
448750
448756
448759
448762
448765
448768
448774
448777
448780
448783
448786
448792
448795
448798
448801
448804
448807
448810
448813
448819
448822
448828
448831
448834
448837
448840
448843
448846
448849
448852
448855
448858
448864
448867
448870
448873
448876
448879
448882
448885
448888
448891
448894
448900
448903
448909
448912
448915
448918
448921
448924
448927
448933
448939
448942
448945
448948
448951
448957
448960
448963
448966
448969
448975
448978
448981
448984
448987
448990
448993
448996
449002
449005
449011
449014
449017
449020
449023
449026
449029
449032
449035
449038
449041
449047
449050
449053
449056
449059
449062
449065
449068
449071
449074
449077
449083
449086
449092
449095
449098
449101
449104
449107
449110
449113
449119
449122
449125
449128
449131
449137
449140
449143
449146
449149
449155
449158
449161
449164
449167
449170
449173
449176
449182
449185
449191
449194
449197
449200
449203
449206
449212
449233
449272
449281
449296
449302
449305
449308
449314
449317
449320
449323
449326
449329
449332
449335
449341
449344
449350
449353
449356
449359
449362
449365
449368
449371
449377
449380
449383
449386
449389
449395
449398
449401
449404
449407
449413
449416
449419
449422
449425
449428
449431
449434
449440
449443
449449
449452
449455
449458
449461
449464
449467
449470
449473
449476
449479
449485
449488
449491
449494
449497
449500
449503
449506
449509
449512
449515
449521
449524
449530
449533
449536
449539
449542
449545
449548
449551
449557
449560
449563
449566
449569
449575
449578
449581
449584
449587
449593
449596
449599
449602
449605
449611
449614
449617
449623
449626
449632
449635
449638
449641
449644
449647
449650
449653
449656
449659
449662
449668
449671
449674
449677
449680
449683
449686
449689
449692
449695
449698
449704
449707
449713
449716
449719
449722
449725
449728
449731
449734
449740
449743
449746
449749
449752
449758
449761
449764
449767
449770
449776
449779
449782
449785
449788
449791
449794
449797
449803
449806
449818
449824
449827
449830
449833
449836
449839
449842
449845
449848
449851
449857
449860
449863
449866
449869
449872
449875
449878
449881
449884
449887
449893
449896
449902
449905
449908
449911
449914
449917
449920
449923
449929
449932
449935
449938
449941
449947
449950
449953
449956
449959
449965
449968
449971
449974
449977
449980
449983
449986
449992
449995
450001
450004
450010
450013
450016
450019
450022
450025
450028
450031
450034
450040
450043
450046
450049
450052
450055
450058
450061
450064
450067
450070
450076
450079
450085
450088
450091
450094
450097
450100
450103
450106
450112
450115
450118
450121
450124
450130
450133
450136
450139
450142
450148
450151
450154
450157
450160
450163
450166
450169
450175
450178
450184
450187
450190
450193
450196
450199
450202
450205
450208
450211
450214
450220
450223
450226
450229
450232
450235
450238
450241
450244
450247
450250
450256
450259
450265
450268
450271
450274
450277
450280
450283
450286
450292
450295
450298
450301
450304
450310
450313
450316
450319
450322
450328
450331
450334
450337
450340
450343
450346
450349
450355
450358
450364
450367
450370
450373
450376
450379
450382
450385
450388
450391
450394
450400
450403
450406
450409
450412
450415
450418
450421
450424
450427
450430
450436
450439
450445
450448
450451
450454
450457
450460
450463
450466
450472
450475
450478
450481
450484
450490
450493
450496
450499
450502
450508
450511
450514
450517
450520
450523
450526
450529
450535
450538
450547
450550
450553
450556
450559
450562
450565
450568
450571
450574
450577
450583
450586
450589
450592
450595
450598
450601
450604
450607
450610
450613
450619
450622
450628
450631
450634
450637
450640
450643
450649
450652
450658
450661
450664
450667
450670
450676
450679
450682
450685
450688
450694
450697
005568
005571
005574
005577
005580
005583
005595
005601
005625
005673
005676
005679
005685
005691
005694
005697
005700
005703
005706
005721
005727
005730
005733
005736
005739
005742
005745
005748
005757
005763
005793
005796
005802
005805
005808
005811
005814
005817
005820
005823
005841
005844
005853
005856
005859
005865
005868
005871
005874
005877
005883
005886
005889
005892
005895
005898
005901
005904
005916
005922
005955
005964
005973
006003
006012
006033
006036
006048
006051
006054
006057
006063
006066
006069
006072
006075
006090
006093
006096
006099
006102
006105
006111
006114
006120
006123
006126
006129
006132
006135
006138
006141
006147
006150
006153
006156
006159
006165
006168
006171
006174
006177
006183
006186
006189
006192
006195
006198
006201
006204
006210
006213
006219
006222
006225
006228
006231
006234
006237
006243
006249
006255
006258
006264
006267
006270
006273
006276
006279
006282
006285
006288
006291
006294
006300
006303
006309
006312
006315
006318
006321
006324
006327
006330
006336
006339
006342
006345
006348
006354
006357
006360
006363
006366
006372
006375
006378
006381
006384
006387
006390
006393
006399
006402
006408
006411
006414
006417
006420
006423
006426
006429
006432
006435
006438
006444
006447
006450
006468
006471
006474
006477
006483
006486
006489
006492
006498
006507
006513
006516
006519
006522
006525
006528
006531
006534
006588
006594
006651
006654
006681
006687
006690
006693
006696
006699
006705
006708
006711
006714
006717
006720
006723
006726
006750
006756
006771
006774
006780
006783
006792
006795
006819
006834
006846
006849
006852
006858
006861
006864
006867
006870
006873
006876
006879
006882
006885
006888
006894
006897
006903
006906
006909
006912
006915
006918
006921
006924
006930
006933
006936
006939
006942
006948
006960
006984
006993
006996
007011
007038
007044
007047
007050
007053
007056
007059
007065
007074
007080
007083
007092
007098
007116
007122
007131
007137
007158
007197
007203
007236
007260
007263
007266
007272
007275
007293
007308
007326
007338
007344
007386
007410
007416
007419
007422
007425
007428
007431
007434
007437
007443
007446
007461
007467
007473
007497
007509
007512
007515
007518
007524
007527
007530
007533
007536
007539
007542
007545
007551
007554
007560
007563
007566
007569
007572
007575
007578
007581
007584
007587
007590
007596
007599
007602
007605
007608
007611
007614
007617
007620
007623
007626
007632
007635
007641
007644
007647
007650
007653
007656
007659
007662
007668
007671
007674
007677
007680
007686
007689
007692
007695
007698
007704
007707
007713
007716
007719
007725
007728
007731
007737
007740
007746
007749
007755
007758
007761
007764
007767
007770
007773
007776
007779
007785
007788
007791
007794
007797
007806
007821
007824
007827
007830
007833
007839
007842
007848
007851
007854
007857
007860
007863
007866
007869
007875
007878
007881
007884
007887
007893
007896
007899
007902
007905
007911
007914
007917
007920
007923
007926
007929
007932
007938
007941
007947
007950
007953
007956
007959
007962
007965
007968
007971
007974
007977
007983
007986
007989
007992
007995
007998
008001
008004
008007
008028
008058
008154
008160
008175
008184
008196
008214
008217
008220
008223
008226
008235
008238
008241
008244
008247
008253
008256
008259
008262
008265
008271
008274
008277
008280
008283
008286
008289
008292
008298
008301
008307
008310
