017576
017579
017582
017585
017588
017594
017597
017600
017603
017606
017609
017615
017618
017624
017627
017630
017633
017636
017639
017642
017645
017651
017654
017657
017660
017663
017669
017672
017675
017678
017681
017687
017690
017693
017696
017699
017702
017705
017708
017717
017738
017744
017747
017750
017753
017756
017762
017765
017768
017771
017774
017777
017783
017786
017789
017792
017795
017798
017801
017804
017807
017810
017813
017819
017822
017828
017834
017837
017840
017843
017846
017855
017867
017873
017879
017882
017885
017888
017897
017900
017903
017906
017909
017915
017918
017924
017927
017930
017933
017936
017942
017948
017951
017957
017960
017963
017966
017969
017972
017975
017978
017981
017984
017987
017993
017996
017999
018002
018005
018008
018011
018014
018017
018020
018023
018029
018032
018041
018044
018047
018050
018053
018056
018059
018062
018068
018071
018074
018077
018080
018086
018089
018092
018095
018098
018104
018107
018110
018113
018116
018119
018125
018134
018143
018146
018152
018155
018158
018161
018164
018167
018170
018176
018179
018182
018185
018194
018197
018200
018203
018206
018209
018212
018215
018218
018221
018224
018233
018236
018242
018245
018248
018251
018254
018257
018260
018266
018272
018275
018278
018281
018284
018290
018293
018296
018299
018302
018326
018329
018332
018344
018350
018353
018359
018365
018371
018377
018383
018386
018389
018392
018395
018398
018401
018410
018413
018416
018419
018425
018428
018434
018437
018443
018446
018449
018452
018455
018458
018461
018467
018470
018476
018479
018482
018485
018488
018491
018494
018497
018503
018506
018509
018512
018515
018521
018524
018530
018533
018536
018542
018545
018548
018551
018554
018560
018563
018566
018572
018575
018581
018584
018587
018590
018593
018596
018599
018602
018605
018608
018611
018617
018620
018623
018626
018629
018632
018635
018638
018641
018644
018647
018653
018656
018662
018665
018668
018671
018674
018677
018680
018683
018692
018695
018698
018701
018704
018710
018713
018716
018719
018722
018728
018731
018734
018737
018743
018746
018749
018779
018785
018788
018794
018797
018800
018803
018806
018809
018812
018815
018818
018821
018824
018830
018833
018836
018839
018842
018845
018848
018851
018854
018857
018860
018866
018869
018875
018878
018881
018884
018887
018890
018893
018896
018902
018905
018908
018911
018914
018920
018923
018929
018932
018935
018941
018944
018947
018950
018953
018956
018959
018962
018968
018971
018977
018980
018983
018986
018989
018992
018995
018998
019001
019004
019007
019013
019016
019019
019022
019025
019028
019031
019034
019037
019040
019046
019052
019058
019064
019073
019076
019079
019082
019085
019088
019094
019103
019106
019109
019112
019118
019124
019127
019130
019133
019136
019142
019145
019148
019151
019154
019157
019160
019163
019169
019172
019178
019181
019184
019187
019190
019193
019196
019199
019202
019205
019208
019214
019217
019220
019223
019226
019229
019232
019235
019238
019241
019244
019250
019253
019259
019262
019265
019268
019271
019274
019277
019280
019286
019289
019292
019295
019301
019307
019310
019313
019316
019319
019325
019328
019346
019361
019364
019367
019373
019376
019382
019385
019391
019394
019397
019400
019403
019406
019409
019412
019415
019418
019421
019427
019430
019433
019439
019448
019454
019457
019460
019463
019466
019469
019478
019484
019490
019493
019496
019499
019502
019505
019508
019511
019517
019520
019523
019526
019529
019535
019538
019544
019547
019550
019556
019559
019562
019565
019568
019571
019574
019577
019583
019586
019592
019595
019598
019601
019604
019607
019610
019613
019616
019619
019622
019631
019634
019637
019640
019643
019646
019649
019658
019673
019676
019694
019712
019715
019721
019724
019727
019730
019733
019739
019742
019745
019754
019757
019760
019763
019766
019775
019778
019781
019784
019787
019793
019796
019799
019802
019805
019808
019811
019814
019820
019823
019829
019832
019835
019838
019841
019844
019847
019850
019853
019856
019859
019865
019868
019871
019874
019877
019880
019883
019886
019889
019898
019901
019907
019910
019916
019919
019922
019925
019928
019931
019934
019937
019943
019946
019949
019958
019961
019967
019970
019973
019976
019979
019985
019988
019991
019994
019997
020000
020003
020006
020012
020015
020024
020027
020030
020033
020036
020039
020042
020045
020048
020051
020054
020060
020063
020066
020069
020072
020075
020078
020081
020084
020087
020114
020132
020135
020141
020144
020147
020150
020153
020156
020159
020162
020168
020171
020174
020177
020180
020186
020189
020192
020195
020198
020204
020207
020210
020213
020216
020219
020222
020237
020243
020246
020252
020258
020261
020264
020267
020270
020273
020276
020279
020282
020285
020291
020294
020297
020300
020303
020306
123115
123118
123121
123124
123127
123133
123136
123142
123145
123148
123151
123154
123157
123163
123166
123172
123175
123178
123181
123184
123190
123193
123196
123199
123208
123214
123217
123220
123223
123226
123229
123232
123235
123241
123244
123250
123253
123256
123259
123262
123265
123268
123271
123274
123277
123283
123289
123292
123295
123298
123301
123304
123307
123310
123313
123316
123319
123325
123328
123334
123337
123340
123343
123346
123349
123352
123355
123361
123364
123367
123370
123373
123379
123382
123385
123388
123391
123397
123400
123403
123406
123409
123412
123415
123418
123427
123430
123436
123439
123442
123445
123451
123463
123466
123478
123481
123484
123487
123493
123496
123499
123505
123508
123511
123514
123517
123523
123526
123529
123538
123541
123547
123550
123553
123556
123559
123562
123565
123568
123574
123577
123580
123583
123586
123592
123595
123598
123604
123607
123613
123619
123622
123631
123634
123637
123640
123643
123649
123652
123658
123664
123667
123670
123673
123676
123679
123682
123685
123688
123691
123697
123700
123703
123706
123709
123712
123715
123718
123721
123724
123727
123733
123736
123742
123745
123748
123751
123754
123757
123760
123763
123772
123775
123781
123784
123787
123799
123802
123805
123808
123811
123823
123826
123829
123832
123838
123853
123865
123868
123883
123886
123895
123898
123901
123904
123907
123910
123916
123919
123922
123925
123928
123934
123937
123940
123943
123946
123949
123952
123955
123958
123961
123964
123970
123973
123979
123982
123985
123988
123997
124000
124006
124009
124015
124018
124021
124024
124027
124033
124039
124042
124045
124048
124054
124057
124060
124063
124069
124072
124075
124078
124090
124093
124102
124108
124114
124123
124126
124129
124132
124135
124138
124141
124144
124150
124153
124156
124159
124162
124165
124168
124171
124174
124177
124180
124186
124189
124195
124198
124201
124204
124207
124210
124213
124216
124222
124225
124228
124231
124234
124243
124246
124249
124252
124255
124261
124264
124267
124270
124273
124276
124279
124282
124288
124291
124297
124300
124303
124306
124309
124312
124315
124318
124324
124327
124330
124342
124345
124348
124351
124354
124357
124360
124363
124366
124369
124372
124378
124381
124387
124390
124393
124396
124399
124402
124405
124408
124414
124417
124420
124423
124426
124432
124435
124438
124441
124444
124456
124459
124462
124465
124468
124471
124474
124477
124483
124486
124492
124495
124498
124501
124504
124507
124510
124513
124516
124519
124522
124528
124531
124534
124537
124540
124543
124546
124552
124555
124558
124561
124567
124573
124579
124582
124585
124591
124594
124597
124600
124603
124609
124612
124615
124618
124621
124627
124630
124633
124636
124639
124645
124648
124651
124654
124657
124660
124663
124666
124672
124681
124687
124690
124693
124696
124699
124702
124705
124708
124714
124717
124720
124726
124729
124732
124735
124738
124741
124744
124747
124750
124753
124756
124762
124765
124771
124774
124777
124780
124783
124786
124789
124792
124798
124801
124804
124810
124813
124819
124822
124825
124828
124831
124840
124843
124846
124849
124852
124855
124858
124861
124867
124870
124876
124879
124882
124885
124888
124891
124894
124897
124900
124903
124906
124912
124915
124918
124921
124924
124936
124939
124942
124945
124951
124960
124978
124981
124987
124990
124993
124996
125002
125005
125008
125017
125026
125029
125032
125035
125038
125044
125047
125050
125053
125056
125062
125065
125068
125071
125074
125077
125080
125083
125089
125092
125098
125101
125104
125107
125110
125113
125116
125119
125122
125125
125128
125134
125137
125140
125143
125152
125155
125158
125164
125167
125170
125173
125179
125182
125188
125191
125194
125197
125200
125203
125206
125209
125215
125218
125221
125224
125227
125233
125236
125239
125248
125251
125257
125260
125263
125266
125269
125272
125275
125278
125287
125296
125302
125308
125311
125314
125317
125320
125323
125326
125329
125332
125335
125341
125344
125347
125353
125356
125362
125365
125368
125371
125374
125377
125386
125389
125401
125404
125410
125413
125419
125425
125428
125434
125440
125443
125446
125449
125452
125458
125461
125464
125467
125470
125476
125479
125482
125485
125488
125491
125494
125497
125503
125506
125515
125521
125524
125527
125530
125533
125536
125539
125542
125545
125548
125554
125557
125563
125566
125569
125572
125575
125578
125584
125587
125590
125596
125599
125605
125608
125611
125614
125617
125620
125623
125626
125632
125635
125641
125644
125647
125653
125656
125659
125662
125665
125671
125674
125677
125680
125683
125686
125689
125692
125698
125701
125707
125710
125713
125716
125719
125722
125725
125728
125731
125734
125737
125743
125746
125749
125752
125755
125758
125761
125764
125767
125770
125773
125779
125782
125788
125791
125797
125800
125803
125806
125809
125815
226714
226717
226720
226723
226726
226732
226735
226738
226741
226744
226753
226756
226759
226765
226768
226774
226780
226783
226789
226792
226798
226807
226810
226813
226816
226819
226822
226828
226834
226843
226846
226855
226858
226861
226864
226870
226873
226876
226879
226882
226885
226888
226897
226900
226906
226909
226912
226915
226921
226924
226927
226930
226936
226939
226942
226945
226951
226957
226960
226963
226966
226969
226975
226978
226981
226984
226987
226990
226993
226996
227002
227005
227011
227014
227017
227020
227023
227026
227029
227035
227038
227041
227044
227056
227059
227065
227068
227071
227074
227077
227080
227083
227086
227089
227095
227098
227107
227110
227113
227116
227119
227122
227125
227128
227134
227137
227140
227143
227146
227152
227155
227158
227164
227167
227173
227176
227179
227182
227185
227194
227197
227200
227206
227209
227215
227218
227221
227224
227227
227230
227233
227236
227239
227242
227245
227251
227254
227257
227260
227266
227269
227272
227275
227278
227281
227284
227290
227293
227299
227302
227305
227308
227311
227314
227320
227323
227329
227332
227335
227338
227341
227365
227368
227371
227374
227377
227383
227386
227389
227392
227395
227398
227401
227404
227410
227413
227419
227422
227425
227428
227431
227434
227437
227440
227443
227446
227449
227455
227458
227461
227464
227467
227470
227473
227476
227479
227482
227485
227491
227494
227500
227503
227506
227509
227512
227515
227521
227524
227530
227533
227536
227539
227542
227548
227551
227554
227557
227563
227569
227572
227575
227578
227581
227584
227587
227590
227602
227605
227611
227614
227617
227620
227629
227632
227638
227641
227644
227647
227650
227659
227662
227665
227668
227671
227674
227677
227680
227683
227686
227689
227695
227698
227704
227707
227710
227713
227716
227719
227722
227725
227731
227734
227737
227740
227746
227752
227755
227758
227761
227764
227770
227773
227776
227779
227782
227785
227788
227791
227797
227800
227812
227821
227827
227830
227833
227839
227845
227857
227860
227863
227866
227872
227881
227884
227887
227890
227893
227896
227899
227905
227908
227911
227917
227920
227929
227932
227938
227950
227953
227956
227959
227965
227971
227974
227977
227980
227983
227992
227995
227998
228001
228004
228010
228013
228016
228019
228022
228025
228028
228031
228037
228040
228046
228049
228052
228055
228058
228061
228064
228067
228070
228073
228076
228082
228085
228088
228091
228094
228097
228100
228103
228109
228112
228115
228121
228124
228130
228133
228136
228139
228142
228145
228148
228151
228157
228160
228163
228166
228169
228175
228178
228181
228184
228187
228193
228196
228199
228202
228205
228208
228211
228214
228220
228223
228229
228232
228235
228238
228241
228244
228247
228250
228253
228262
228265
228271
228274
228277
228280
228283
228286
228289
228292
228295
228298
228301
228307
228310
228316
228319
228322
228325
228328
228334
228337
228340
228346
228349
228352
228355
228358
228364
228367
228370
228373
228376
228382
228388
228397
228400
228403
228406
228409
228412
228421
228424
228430
228433
228436
228439
228442
228445
228448
228451
228454
228457
228460
228466
228469
228472
228475
228478
228481
228484
228487
228490
228493
228496
228502
228505
228511
228514
228517
228520
228523
228526
228529
228532
228538
228541
228544
228547
228550
228556
228562
228565
228568
228571
228580
228583
228592
228670
228676
228685
228694
228703
228709
228712
228727
228730
228736
228739
228742
228745
228748
228751
228754
228757
228763
228769
228772
228775
228790
228796
228799
228802
228808
228811
228814
228817
228823
228829
228841
228844
228853
228859
228862
228865
228868
228871
228877
228880
228883
228886
228889
228895
228898
228901
228904
228907
228913
228916
228919
228922
228925
228928
228931
228934
228940
228943
228949
228952
228955
228958
228961
228964
228967
228970
228973
228976
228979
228985
228988
228994
228997
229000
229003
229027
229030
229054
229063
229066
229075
229078
229084
229087
229090
229093
229096
229099
229102
229105
229114
229123
229126
229129
229132
229138
229141
229144
229147
229150
229156
229159
229162
229165
229168
229174
229177
229183
229189
229192
229201
229204
229207
229213
229216
229219
229222
229225
229228
229231
229234
229240
229243
229246
229249
229252
229255
229258
229261
229264
229267
229270
229276
229279
229285
229288
229291
229294
229297
229300
229303
229306
229312
229315
229318
229321
229324
229330
229333
229336
229339
229342
229348
229351
229354
229357
229360
229363
229366
229369
229375
229378
229384
229387
229390
229393
229396
229399
229402
229405
229408
330136
330139
330148
330151
330154
330157
330160
330163
330166
330169
330172
330175
330178
330184
330187
330193
330199
330202
330205
330208
330211
330214
330226
330232
330235
330247
330292
330295
330304
330307
330310
330316
330319
330325
330331
330334
330337
330340
330343
330346
330349
330355
330364
330373
330376
330379
330385
330388
330391
330394
330400
330403
330406
330409
330415
330418
330421
330424
330427
330430
330433
330436
330439
330442
330445
330451
330454
330463
330466
330469
330472
330475
330478
330481
330484
330490
330493
330499
330502
330505
330511
330514
330517
330520
330523
330529
330532
330535
330538
330541
330544
330547
330550
330556
330559
330565
330568
330571
330574
330577
330589
330592
330595
330598
330601
330604
330610
330613
330616
330622
330628
330634
330637
330640
330646
330649
330655
330664
330667
330673
330676
330679
330682
330694
330700
330712
330715
330721
330724
330727
330730
330733
330739
330742
330745
330748
330751
330757
330760
330763
330766
330769
330772
330775
330778
330784
330787
330793
330796
330799
330802
330805
330808
330811
330814
330817
330820
330823
330832
330835
330838
330841
330844
330847
330853
330856
330859
330862
330865
330886
330892
330919
330922
330931
330934
330943
330949
330955
330958
330964
330967
330976
330979
330988
330994
330997
331000
331003
331006
331012
331015
331018
331021
331024
331027
331030
331033
331042
331045
331051
331054
331057
331060
331063
331066
331069
331072
331075
331081
331084
331090
331093
331096
331099
331102
331105
331108
331111
331114
331117
331120
331126
331129
331135
331138
331141
331144
331147
331150
331153
331156
331162
331165
331168
331171
331174
331183
331186
331189
331192
331195
331201
331204
331207
331210
331213
331216
331219
331222
331228
331231
331237
331240
331243
331249
331252
331255
331258
331261
331264
331267
331270
331276
331279
331285
331288
331291
331294
331297
331300
331303
331306
331309
331318
331321
331327
331339
331342
331348
331351
331354
331357
331360
331366
331369
331372
331375
331378
331384
331387
331390
331393
331396
331402
331405
331408
331411
331414
331417
331420
331423
331429
331432
331438
331441
331444
331447
331450
331456
331459
331462
331465
331468
331471
331477
331480
331483
331486
331489
331492
331495
331498
331501
331504
331507
331513
331516
331522
331525
331528
331531
331534
331537
331540
331543
331549
331552
331555
331558
331561
331567
331570
331573
331576
331579
331585
331588
331591
331594
331597
331600
331603
331606
331612
331615
331621
331624
331627
331630
331633
331636
331639
331642
331645
331648
331651
331657
331660
331663
331666
331669
331672
331675
331678
331681
331684
331687
331696
331699
331705
331708
331711
331714
331717
331720
331723
331726
331732
331735
331738
331741
331744
331753
331756
331759
331762
331765
331771
331774
331777
331780
331783
331789
331792
331795
331801
331804
331810
331813
331816
331819
331822
331825
331828
331831
331834
331837
331840
331846
331852
331855
331858
331870
331876
331879
331885
331891
331894
331897
331918
331921
331930
331936
331939
331942
331945
331948
331951
331954
331960
331966
331969
331972
331975
331981
331984
331987
331990
331996
332017
332020
332023
332026
332029
332104
332107
332113
332119
332122
332131
332134
332137
332140
332143
332146
332149
332152
332155
332158
332161
332167
332170
332173
332176
332179
332182
332185
332188
332191
332194
332197
332203
332206
332212
332215
332218
332221
332224
332227
332230
332233
332239
332242
332245
332248
332254
332263
332266
332269
332272
332275
332314
332317
332320
332323
332326
332329
332338
332341
332347
332353
332359
332362
332365
332368
332371
332374
332377
332380
332383
332386
332389
332395
332398
332401
332404
332407
332410
332413
332416
332419
332422
332425
332431
332434
332440
332443
332446
332449
332452
332608
332611
332614
332620
332623
332626
332629
332632
332641
332644
332647
332650
332653
332662
332665
332668
332674
332677
332680
332683
332686
332695
332698
332707
332710
332713
332716
332719
332722
332725
332728
332731
332734
332737
332743
332746
332749
332752
332755
332758
332761
332764
332770
332776
332779
332785
332788
332794
332797
332800
332803
332806
332809
332812
332815
332821
332824
332827
332830
332833
332845
332848
332851
332854
332857
433670
433673
433676
433685
433688
433691
433694
433697
433709
433712
433721
433742
433748
433751
433754
433757
433763
433766
433769
433772
433784
433790
433847
433850
433853
433856
433859
433862
433865
433868
433871
433877
433883
433889
433895
433898
433901
433904
433907
434003
434006
434009
434015
434018
434021
434024
434027
434036
434039
434042
434045
434048
434054
434057
434060
434063
434066
434069
434072
434075
434081
434084
434090
434093
434096
434099
434102
434105
434108
434111
434114
434117
434120
434126
434132
434135
434138
434141
434144
434147
434150
434153
434156
434159
434165
434168
434180
434183
434186
434189
434192
434195
434198
434201
434207
434210
434213
434216
434219
434225
434228
434231
434234
434240
434246
434252
434255
434261
434264
434267
434270
434273
434279
434288
434294
434300
434342
434345
434348
434351
434354
434366
434369
434372
434375
434381
434384
434387
434390
434396
434402
434405
434408
434414
434417
434420
434426
434429
434435
434438
434441
434444
434447
434450
434453
434456
434462
434465
434468
434480
434483
434549
434561
434567
434570
434573
434582
434585
434588
434591
434594
434597
434600
434630
434654
434663
434669
434672
434675
434678
434681
434684
434690
434693
434702
434705
434708
434714
434717
434720
434723
434726
434729
434732
434735
434738
434741
434744
434750
434753
434762
434765
434771
434774
434777
434780
434786
434804
434810
434819
434822
434828
434831
434840
434843
434846
434849
434852
434858
434867
434876
434879
434882
434888
434891
434894
434900
434903
434909
434912
434915
434918
434921
434924
434927
434930
434933
434936
434945
434951
434954
434957
434960
434963
434966
434969
434972
434975
434978
434981
434987
434990
434996
434999
435002
435005
435008
435011
435014
435020
435026
435029
435032
435035
435038
435044
435047
435050
435053
435056
435062
435065
435068
435071
435074
435077
435080
435083
435089
435092
435098
435101
435104
435107
435110
435113
435116
435119
435122
435125
435128
435134
435140
435143
435146
435149
435152
435158
435161
435164
435167
435170
435176
435188
435197
435200
435203
435206
435209
435212
435215
435218
435230
435236
435239
435248
435251
435257
435260
435263
435266
435269
435275
435281
435284
435287
435290
435293
435296
435299
435305
435308
435314
435317
435320
435323
435326
435329
435332
435335
435338
435341
435344
435350
435353
435356
435359
435362
435365
435368
435371
435374
435377
435380
435386
435389
435395
435398
435401
435404
435407
435410
435413
435416
435422
435425
435428
435431
435434
435440
435443
435446
435449
435452
435458
435461
435470
435473
435488
435491
435494
435497
435503
435506
435512
435515
435518
435521
435524
435527
435530
435533
435536
435539
435542
435554
435557
435560
435563
435566
435569
435572
435575
435578
435581
435584
435590
435593
435599
435602
435605
435608
435611
435614
435617
435620
435626
435629
435632
435635
435638
435644
435647
435650
435653
435656
435662
435665
435668
435671
435674
435677
435680
435683
435689
435692
435698
435701
435704
435707
435713
435716
435719
435722
435728
435731
435734
435740
435743
435746
435749
435752
435755
435758
435761
435764
435767
435770
435776
435779
435785
435788
435791
435794
435797
435800
435803
435806
435812
435815
435818
435821
435824
435830
435833
435836
435839
435842
435848
435851
435854
435857
435860
435863
435866
435869
435875
435878
435884
435887
435890
435893
435896
435899
435902
435905
435908
435911
435914
435920
435923
435926
435929
435932
435935
435938
435941
435944
435947
435950
435956
435959
435965
435968
435971
435974
435977
435980
435983
435986
435992
435995
435998
436001
436004
436010
436013
436016
436019
436022
436028
436031
436034
436037
436040
436046
436049
436052
436058
436061
436067
436070
436073
436076
436079
436082
436085
436088
436091
436094
436097
436103
436106
436109
436112
436115
436118
436121
436124
436127
436130
436133
436139
436142
436148
436151
436154
436157
436160
436163
436166
436169
436175
436178
436181
436184
436187
436193
436196
436199
436202
436205
436211
436214
436217
436220
436223
436226
436229
436232
436238
436241
436247
436250
436253
436256
436259
436262
436265
436268
436271
436274
436277
436283
436286
436289
436292
436295
436298
436301
436304
436307
436310
436313
436319
436322
436328
436331
436334
436337
436340
436343
436346
436349
436355
436358
436361
436364
436367
